0.1344
0.0874
0.0726
0.0642
0.0588
0.0544
0.0515
0.0513
0.0467
0.0445
0.0445
0.0415
0.0419
0.0398
0.0395
0.0388
0.0371
0.0351
0.0352
0.0366
0.0347
0.0359
0.0344
0.0322
0.0341
0.032
0.0329
0.033
0.033
0.0324
0.0319
0.0327
0.0325
0.0316
0.0319
0.0325
0.0322
0.0318
0.0316
0.0309
0.0321
0.0321
0.0319
0.0321
0.0317
0.0316
0.0322
0.0317
0.0317
0.0314
0.0315
0.0317
0.0316
0.032
0.0318
0.0324
0.0313
0.0322
0.0321
0.0314

0.1451
0.0922
0.0776
0.0673
0.0588
0.0534
0.0507
0.0474
0.043
0.0444
0.0396
0.0396
0.0372
0.0368
0.0366
0.0363
0.0351
0.034
0.0339
0.034
0.0333
0.0321
0.0331
0.0319
0.0313
0.0326
0.0331
0.032
0.0319
0.0309
0.0315
0.031
0.0308
0.031
0.0313
0.0308
0.0314
0.0316
0.0316
0.0318
0.032
0.0313
0.0322
0.031
0.0326
0.0321
0.0325
0.0315
0.0315
0.0319
0.0319
0.0321
0.0324
0.0319
0.0315
0.0316
0.0325
0.0322
0.0324
0.0322

0.1312
0.0946
0.0756
0.0681
0.0612
0.0541
0.0496
0.0473
0.0419
0.0419
0.0405
0.0406
0.039
0.0375
0.037
0.0359
0.0363
0.0361
0.0344
0.0341
0.0354
0.0341
0.0342
0.0337
0.0337
0.0339
0.0339
0.0345
0.0335
0.0327
0.032
0.0314
0.0312
0.0319
0.0322
0.0319
0.0312
0.0323
0.0321
0.031
0.032
0.0313
0.0326
0.0323
0.0322
0.0319
0.0325
0.0313
0.0324
0.0316
0.032
0.0316
0.0321
0.0313
0.0323
0.0325
0.0335
0.0318
0.0329
0.0319

0.1266
0.0927
0.073
0.0638
0.0561
0.0524
0.0507
0.0492
0.0467
0.0437
0.0416
0.0414
0.0406
0.0396
0.0373
0.038
0.0367
0.0355
0.0348
0.0363
0.036
0.0346
0.0351
0.0344
0.0338
0.0338
0.0322
0.0333
0.0324
0.0324
0.0318
0.0324
0.031
0.031
0.0322
0.0322
0.0318
0.0309
0.0323
0.032
0.0323
0.0325
0.0315
0.032
0.0324
0.0319
0.0319
0.0316
0.0324
0.0322
0.0319
0.0312
0.0317
0.032
0.032
0.0314
0.0322
0.0317
0.0324
0.0316

0.1298
0.0905
0.0754
0.0634
0.0569
0.0555
0.0508
0.0471
0.0456
0.0439
0.0424
0.0415
0.0401
0.0395
0.0391
0.0385
0.0354
0.0361
0.0378
0.0347
0.0361
0.0332
0.0341
0.0331
0.0342
0.0336
0.0358
0.0335
0.0332
0.0309
0.0308
0.0325
0.032
0.0323
0.0325
0.0317
0.0328
0.0315
0.0316
0.0328
0.0321
0.0324
0.0326
0.0315
0.0321
0.0324
0.0322
0.0321
0.032
0.033
0.0323
0.0319
0.0324
0.0316
0.0328
0.032
0.0317
0.032
0.032
0.0318

0.1252
0.0879
0.0724
0.0604
0.0556
0.0498
0.0478
0.0443
0.0441
0.0413
0.0391
0.04
0.0392
0.0364
0.0369
0.0354
0.0356
0.0344
0.0339
0.0335
0.0337
0.034
0.0336
0.0312
0.033
0.0327
0.0316
0.0328
0.0336
0.0311
0.0317
0.0312
0.031
0.0309
0.0311
0.0311
0.0307
0.0312
0.03
0.0306
0.0304
0.0306
0.031
0.031
0.0313
0.0305
0.031
0.0308
0.031
0.0308
0.031
0.0306
0.0312
0.0306
0.0301
0.0307
0.0305
0.0308
0.0304
0.0308

0.136
0.0951
0.0795
0.0651
0.0575
0.0544
0.0498
0.0469
0.0445
0.0428
0.0408
0.0404
0.0382
0.038
0.0374
0.0335
0.0344
0.0327
0.0337
0.0343
0.0336
0.0329
0.0341
0.0331
0.0313
0.0328
0.0335
0.0316
0.0321
0.0315
0.0317
0.0306
0.0309
0.0316
0.0306
0.0311
0.0314
0.0317
0.0314
0.0306
0.0312
0.0295
0.0312
0.0304
0.0297
0.0299
0.0307
0.0296
0.0307
0.0306
0.0302
0.0309
0.0314
0.0301
0.0291
0.0306
0.0299
0.0292
0.0305
0.0296

0.1235
0.0875
0.0736
0.0622
0.0572
0.0539
0.0501
0.0472
0.0445
0.0427
0.0418
0.04
0.0412
0.0396
0.039
0.0382
0.0368
0.0374
0.036
0.0368
0.035
0.0359
0.0341
0.0338
0.0342
0.0335
0.0344
0.0337
0.035
0.0336
0.0326
0.0325
0.0334
0.0331
0.0325
0.0322
0.0316
0.0331
0.0329
0.0328
0.0331
0.0325
0.0326
0.0327
0.0324
0.0327
0.0327
0.0332
0.0333
0.0324
0.0329
0.0337
0.0334
0.033
0.0332
0.0337
0.0331
0.0335
0.0336
0.0329

0.1309
0.0915
0.0756
0.0644
0.0558
0.0508
0.0481
0.0457
0.0427
0.0423
0.0413
0.0417
0.0384
0.0395
0.0371
0.0374
0.035
0.0351
0.0353
0.0342
0.0353
0.0333
0.0331
0.0342
0.0356
0.0338
0.0333
0.0351
0.035
0.0333
0.0319
0.0328
0.0323
0.0323
0.0326
0.0328
0.0322
0.0326
0.0325
0.0323
0.0317
0.0324
0.0325
0.0318
0.0321
0.0333
0.0321
0.0327
0.0323
0.0331
0.0329
0.0326
0.0327
0.0316
0.0328
0.033
0.0321
0.0328
0.0329
0.0327

0.1208
0.0915
0.0766
0.0636
0.0572
0.0519
0.0478
0.0456
0.0434
0.0402
0.0382
0.0371
0.0358
0.0359
0.0343
0.0347
0.0341
0.033
0.0318
0.0326
0.0312
0.0312
0.0308
0.0321
0.0304
0.0298
0.0311
0.0301
0.0301
0.0283
0.0282
0.0291
0.0295
0.029
0.0275
0.0297
0.0286
0.0292
0.0288
0.0282
0.028
0.0274
0.0289
0.0285
0.0287
0.028
0.0291
0.0288
0.0293
0.0289
0.0286
0.0292
0.0291
0.0286
0.0289
0.029
0.029
0.0294
0.0288
0.0291

0.1321
0.0861
0.0725
0.0604
0.0553
0.0503
0.0468
0.046
0.0419
0.0412
0.0412
0.0395
0.0375
0.0375
0.0368
0.0366
0.0351
0.0373
0.0352
0.0338
0.0346
0.0339
0.0354
0.0329
0.0349
0.0341
0.0316
0.0317
0.0323
0.0321
0.0318
0.0328
0.0324
0.032
0.0316
0.0324
0.0318
0.0321
0.0315
0.0319
0.0315
0.0319
0.0319
0.0321
0.0327
0.0318
0.0325
0.0317
0.0319
0.0317
0.0326
0.0315
0.0312
0.0316
0.0316
0.0311
0.0319
0.0316
0.0325
0.0321

0.1249
0.0894
0.0699
0.0624
0.056
0.0511
0.0495
0.0435
0.0433
0.0401
0.0395
0.0384
0.0375
0.0375
0.0372
0.0371
0.0355
0.0345
0.0349
0.0346
0.0339
0.0342
0.0342
0.0335
0.0333
0.0336
0.033
0.0332
0.0317
0.0314
0.0313
0.0318
0.0321
0.0314
0.0313
0.0314
0.0317
0.0315
0.031
0.0319
0.0319
0.0313
0.031
0.0306
0.0314
0.0314
0.0313
0.0314
0.0314
0.0314
0.0318
0.0313
0.0308
0.0315
0.031
0.0315
0.0313
0.0316
0.0311
0.0313

0.1315
0.0912
0.0757
0.0649
0.0603
0.0553
0.0515
0.0488
0.0447
0.0429
0.0411
0.0398
0.0385
0.0376
0.0394
0.037
0.0353
0.037
0.0357
0.0354
0.0348
0.0337
0.0355
0.0332
0.0346
0.032
0.0321
0.0318
0.033
0.0318
0.0314
0.0313
0.0307
0.0312
0.0309
0.0315
0.0303
0.0308
0.0311
0.0308
0.0309
0.0321
0.0308
0.0308
0.0306
0.0311
0.0311
0.0296
0.0306
0.031
0.031
0.0303
0.0303
0.0314
0.0294
0.03
0.0301
0.0314
0.0301
0.0296

0.1225
0.0862
0.0751
0.0642
0.0585
0.0547
0.0509
0.0489
0.046
0.0422
0.0437
0.0422
0.039
0.0391
0.037
0.0365
0.0382
0.0373
0.0352
0.0359
0.035
0.0342
0.0341
0.0343
0.0373
0.034
0.0348
0.0331
0.0342
0.0328
0.0327
0.0325
0.0329
0.0321
0.0324
0.0324
0.0321
0.0324
0.0321
0.0321
0.0326
0.0323
0.0324
0.0323
0.0324
0.0323
0.0321
0.0323
0.0323
0.032
0.0321
0.0315
0.0326
0.0318
0.0315
0.0314
0.0324
0.0326
0.0323
0.0323

0.1287
0.0894
0.0768
0.0638
0.0558
0.0536
0.0478
0.0458
0.0439
0.0432
0.0414
0.0405
0.04
0.0368
0.0368
0.037
0.0365
0.0363
0.035
0.0344
0.0336
0.0334
0.0339
0.0324
0.0312
0.0311
0.0327
0.0332
0.0321
0.0322
0.031
0.0309
0.0306
0.0312
0.0312
0.0306
0.0314
0.0309
0.0301
0.0306
0.0303
0.0306
0.0303
0.0307
0.0314
0.0312
0.0307
0.0306
0.0314
0.0315
0.0318
0.0309
0.0311
0.0313
0.0304
0.0312
0.0317
0.0321
0.0313
0.0313

