0.1006
0.0623
0.0522
0.0466
0.0457
0.0469
0.043
0.0406
0.0381
0.0365
0.0378
0.0349
0.038
0.0376
0.036
0.038
0.0339
0.0338
0.0345
0.0362
0.0406
0.0355
0.0361
0.0347
0.0343
0.0362
0.0367
0.0339
0.0328
0.0326
0.0322
0.033
0.032
0.0327
0.0329
0.0331
0.0325
0.0319
0.0326
0.0329
0.0328
0.0331
0.033
0.0324
0.0333
0.0329
0.032
0.0322
0.0336
0.0333
0.0334
0.033
0.0338
0.0328
0.0334
0.0332
0.0329
0.0345
0.0331
0.0325

0.0929
0.0625
0.0533
0.0456
0.0613
0.0462
0.0414
0.0404
0.0417
0.0425
0.0396
0.0389
0.0405
0.0412
0.0379
0.0396
0.0378
0.0373
0.0379
0.0355
0.0377
0.0403
0.0388
0.0361
0.0423
0.0394
0.0376
0.0394
0.0351
0.0363
0.0351
0.0359
0.0357
0.0345
0.0355
0.0356
0.0369
0.0354
0.0352
0.0365
0.0371
0.0366
0.0351
0.0353
0.0365
0.0353
0.0343
0.0364
0.0349
0.0367
0.0349
0.0366
0.0361
0.0356
0.0362
0.0369
0.0365
0.0359
0.0372
0.0358

0.1035
0.0699
0.0622
0.0509
0.0455
0.0441
0.0427
0.0435
0.0378
0.0396
0.0389
0.0389
0.0425
0.0404
0.0391
0.0379
0.0384
0.0387
0.0392
0.0362
0.0388
0.0384
0.0396
0.037
0.0374
0.0408
0.0365
0.0389
0.0374
0.0347
0.0353
0.0362
0.0362
0.0352
0.0355
0.0367
0.037
0.0376
0.0369
0.037
0.0367
0.0367
0.0374
0.0374
0.0366
0.0372
0.0374
0.0375
0.036
0.0366
0.0371
0.0373
0.0372
0.0381
0.0382
0.037
0.0375
0.0378
0.0387
0.0377

0.118
0.0614
0.0566
0.0442
0.0446
0.0456
0.0389
0.0394
0.0384
0.0396
0.0426
0.0366
0.0373
0.0362
0.0396
0.0351
0.0389
0.041
0.0358
0.0346
0.0351
0.0352
0.0351
0.0352
0.0359
0.0336
0.035
0.0331
0.0377
0.0326
0.0308
0.0326
0.0316
0.0317
0.0323
0.0326
0.0335
0.0319
0.0325
0.0333
0.032
0.0328
0.0337
0.0336
0.033
0.0323
0.0335
0.0328
0.0338
0.0342
0.0332
0.0338
0.0342
0.0338
0.0335
0.0336
0.0338
0.0348
0.0348
0.0351

0.0977
0.0625
0.0534
0.0475
0.0469
0.0408
0.038
0.0373
0.0417
0.0382
0.0353
0.0359
0.0332
0.0391
0.0369
0.0374
0.035
0.0354
0.0368
0.036
0.0363
0.0345
0.0364
0.0339
0.0333
0.0333
0.0335
0.0361
0.0361
0.0329
0.0328
0.0316
0.0325
0.0327
0.0331
0.0333
0.0331
0.0324
0.0336
0.0324
0.0328
0.0326
0.0326
0.0331
0.0333
0.0329
0.0328
0.0327
0.0331
0.0334
0.0334
0.0335
0.0336
0.0322
0.0342
0.0333
0.0335
0.0335
0.034
0.0345

0.1021
0.0668
0.0584
0.0498
0.0442
0.043
0.0419
0.0396
0.0385
0.04
0.0435
0.0377
0.0396
0.0363
0.0347
0.035
0.0402
0.0375
0.0348
0.0333
0.0344
0.0351
0.0332
0.0353
0.0329
0.0345
0.0365
0.0354
0.0341
0.032
0.0318
0.033
0.0329
0.0333
0.0325
0.033
0.033
0.0334
0.0339
0.0337
0.0336
0.0335
0.0331
0.033
0.0339
0.0342
0.0335
0.0332
0.0339
0.0343
0.0332
0.0339
0.0332
0.0341
0.034
0.0342
0.0337
0.0337
0.0341
0.0339

0.0956
0.065
0.0649
0.0491
0.0529
0.0481
0.042
0.0411
0.0445
0.0415
0.0399
0.0387
0.0382
0.0419
0.0382
0.0386
0.0388
0.0373
0.0386
0.0373
0.0382
0.0398
0.0447
0.0377
0.0391
0.0371
0.0375
0.0384
0.0411
0.0374
0.0364
0.037
0.036
0.0365
0.0367
0.0363
0.0379
0.0383
0.0378
0.0363
0.0377
0.0372
0.0367
0.0371
0.0363
0.0374
0.0377
0.0386
0.0378
0.0376
0.0377
0.0378
0.0376
0.0368
0.0382
0.0377
0.0369
0.0374
0.0375
0.0379

0.1022
0.0607
0.0513
0.0506
0.0466
0.0404
0.0433
0.0412
0.0426
0.0373
0.0501
0.0377
0.0383
0.0358
0.033
0.0373
0.0344
0.0352
0.035
0.0366
0.0357
0.0389
0.0386
0.0366
0.0359
0.0366
0.0329
0.041
0.0346
0.0326
0.032
0.0324
0.0329
0.0339
0.0325
0.0332
0.0336
0.0333
0.033
0.0333
0.033
0.0351
0.0342
0.0338
0.0342
0.0334
0.0343
0.0344
0.0338
0.0353
0.0352
0.0343
0.0347
0.0352
0.0359
0.0348
0.0353
0.0359
0.035
0.0351

0.102
0.0634
0.0499
0.0476
0.0422
0.0467
0.0411
0.0377
0.039
0.0373
0.0394
0.0361
0.0372
0.0349
0.0385
0.0393
0.0378
0.0381
0.0339
0.0364
0.0355
0.0352
0.0365
0.0367
0.0371
0.035
0.0361
0.0372
0.0339
0.0348
0.0352
0.0353
0.0351
0.0346
0.0359
0.035
0.0353
0.0359
0.0363
0.0356
0.0361
0.0359
0.0354
0.0363
0.0363
0.0357
0.0358
0.0358
0.036
0.0366
0.0355
0.0351
0.0353
0.0348
0.0365
0.036
0.0358
0.0359
0.0376
0.0365

0.099
0.0731
0.0617
0.0529
0.0515
0.045
0.0467
0.0469
0.043
0.0424
0.0426
0.0403
0.0462
0.0403
0.0405
0.0419
0.0433
0.0391
0.0442
0.0441
0.0423
0.0414
0.0402
0.0413
0.0398
0.0411
0.0392
0.041
0.0402
0.0379
0.0376
0.0381
0.0384
0.0376
0.0375
0.038
0.0385
0.0387
0.0377
0.0407
0.0384
0.0379
0.0389
0.0395
0.0382
0.0396
0.0375
0.0386
0.0387
0.0393
0.0408
0.0395
0.0397
0.0389
0.0392
0.0393
0.0396
0.0393
0.0392
0.0397

0.1074
0.0717
0.055
0.0492
0.0491
0.0478
0.0413
0.0421
0.0472
0.0399
0.0411
0.0435
0.0415
0.0406
0.0371
0.04
0.0456
0.0358
0.0355
0.0342
0.0379
0.0363
0.0356
0.0394
0.0339
0.0374
0.034
0.0376
0.0374
0.0336
0.0327
0.0346
0.0342
0.0354
0.0352
0.0342
0.0346
0.036
0.0353
0.036
0.035
0.0342
0.0359
0.036
0.0358
0.0374
0.0364
0.0355
0.0348
0.0364
0.0371
0.0356
0.0351
0.0357
0.0355
0.0361
0.0352
0.0368
0.0352
0.0352

0.1108
0.0688
0.0588
0.0502
0.0436
0.0415
0.0402
0.0421
0.0415
0.0394
0.0417
0.0374
0.0396
0.038
0.0398
0.0377
0.0383
0.0398
0.0374
0.0403
0.0382
0.0369
0.0372
0.0383
0.0384
0.0439
0.0412
0.0375
0.0404
0.036
0.0368
0.0358
0.0363
0.0354
0.0358
0.0366
0.0371
0.0378
0.0359
0.0385
0.0366
0.0373
0.0379
0.0372
0.0369
0.0372
0.037
0.0376
0.0375
0.0374
0.0378
0.0383
0.0377
0.0388
0.0378
0.0378
0.0385
0.0378
0.0396
0.0381

0.0978
0.0666
0.0559
0.0527
0.0439
0.0452
0.0394
0.0372
0.0378
0.0411
0.0402
0.0392
0.0441
0.0362
0.039
0.0393
0.0377
0.0434
0.0399
0.0389
0.0378
0.0406
0.0366
0.0356
0.0431
0.0396
0.0361
0.038
0.0359
0.0345
0.0354
0.0356
0.0365
0.0365
0.035
0.0364
0.0371
0.0364
0.037
0.0368
0.0356
0.0361
0.0365
0.0369
0.0366
0.0364
0.0373
0.0371
0.0373
0.0374
0.037
0.037
0.0369
0.0369
0.0376
0.0373
0.0364
0.0372
0.0373
0.0367

0.1131
0.0703
0.0533
0.0512
0.0484
0.042
0.0447
0.043
0.0409
0.0368
0.0392
0.0372
0.036
0.0338
0.0332
0.0364
0.0374
0.0339
0.0449
0.038
0.0373
0.0346
0.0357
0.0342
0.0348
0.0385
0.0369
0.0357
0.0371
0.032
0.0323
0.0325
0.0334
0.0336
0.0324
0.0339
0.0329
0.0343
0.0338
0.0333
0.0339
0.0322
0.0339
0.0338
0.0333
0.0332
0.0342
0.0348
0.0338
0.0337
0.0344
0.0345
0.0337
0.033
0.0333
0.034
0.034
0.0346
0.0346
0.0337

0.0953
0.0612
0.0591
0.0457
0.0497
0.0417
0.039
0.0387
0.0369
0.0372
0.0365
0.0358
0.0367
0.0356
0.0358
0.0337
0.0338
0.0334
0.0354
0.0382
0.0347
0.0367
0.0347
0.034
0.0373
0.0361
0.0387
0.035
0.0344
0.0321
0.0321
0.0323
0.0325
0.0324
0.033
0.0332
0.0325
0.0327
0.0338
0.034
0.0336
0.0329
0.0335
0.0334
0.0346
0.034
0.0341
0.0347
0.0343
0.035
0.0345
0.035
0.0353
0.0351
0.0342
0.0345
0.0353
0.035
0.0346
0.0349

