[0, 1, 9, 19, 29]
[[array([[ 0.,  0.,  0., ...,  0.,  0.,  0.],
       [ 0.,  0.,  0., ...,  0.,  0.,  0.],
       [ 0.,  0.,  0., ...,  0.,  0.,  0.],
       ..., 
       [ 0.,  0.,  0., ...,  0.,  0.,  0.],
       [ 0.,  0.,  0., ...,  0.,  0.,  0.],
       [ 0.,  0.,  0., ...,  0.,  0.,  0.]]), array([[ -3.76483556e+00,  -3.38991543e+00,  -2.73436227e+00,
         -3.10849349e+00,  -3.43668423e+00,  -1.89198841e+00,
         -1.81886236e+00,  -2.58454119e+00,  -2.33809318e+00,
         -4.03526926e+00,  -2.80930198e+00,  -3.33437112e+00,
         -3.46375446e+00,  -3.08919009e+00,  -2.29672383e+00,
         -2.51455069e+00,  -3.09468067e+00,  -3.12405461e+00,
         -3.02766359e+00,  -3.44164772e+00,  -2.48940778e+00,
         -2.20306963e+00,  -1.84990004e+00,  -3.17656675e+00,
         -1.85294680e+00,  -3.99267273e+00,  -3.27400552e+00,
         -4.30820672e+00,  -4.30356264e+00,  -2.29549754e+00],
       [  2.80110815e-01,   6.43583300e-01,  -3.55475976e-01,
          3.61955044e-01,   2.96704248e-01,  -5.63083850e-01,
         -4.64403387e-01,   1.93755786e-01,  -2.88893882e-02,
          5.45651812e-01,  -3.47402392e-01,  -3.01122531e-01,
          6.62633582e-01,   8.56796133e-01,  -9.59863244e-02,
         -2.76631447e-01,  -4.62137468e-01,  -5.17986041e-01,
         -6.47284384e-03,   3.05888137e-01,   1.69341649e-01,
         -2.45895294e-01,  -6.64763460e-01,  -1.06510357e-01,
          6.63843871e-02,   3.13430385e-01,   5.35751895e-02,
          5.97724527e-01,   1.73742812e-01,   4.67464404e-02],
       [  8.34551101e+00,   7.45205970e+00,   4.92534218e+00,
          6.63726065e+00,   7.17101555e+00,   6.57508386e+00,
          6.10532346e+00,   6.88951460e+00,   4.99614329e+00,
          7.47321457e+00,   7.67736326e+00,   6.96935149e+00,
          6.08956854e+00,   6.91796907e+00,   5.74582161e+00,
          6.57314461e+00,   7.78459462e+00,   6.93934968e+00,
          6.95866830e+00,   6.61360477e+00,   6.25016467e+00,
          5.47437120e+00,   5.92387253e+00,   6.83928889e+00,
          5.69593154e+00,   7.11931967e+00,   7.58995923e+00,
          7.45445631e+00,   6.90562770e+00,   5.02050567e+00],
       [  2.77372816e-01,  -5.80801338e-01,   1.49169543e-01,
         -6.84054749e-01,  -7.98757184e-01,  -9.49043064e-01,
         -2.15718494e-01,  -4.52539027e-01,   1.34898342e-01,
         -1.70559217e-01,  -3.19090833e-01,   2.80999764e-02,
         -1.78126817e-03,  -9.80180643e-01,  -8.23926824e-01,
         -4.04232721e-01,  -4.65657280e-01,   4.41964513e-01,
         -3.55264943e-01,  -9.44837458e-01,  -1.70590978e-01,
         -3.04747228e-01,  -1.08675120e+00,  -5.83514897e-01,
         -6.97711808e-01,  -8.60526361e-02,  -8.98576148e-01,
         -5.60670502e-01,   1.79518166e-01,  -1.92192745e-01],
       [  2.73235636e+00,   2.73981466e+00,   1.71923254e+00,
          2.46408668e+00,   3.22778989e+00,   2.61086947e+00,
          1.82533608e+00,   2.36354526e+00,   1.71327608e+00,
          2.84900596e+00,   2.81329401e+00,   2.47848407e+00,
          2.08243045e+00,   2.56778163e+00,   2.48802265e+00,
          2.19941424e+00,   3.04507394e+00,   2.80043547e+00,
          2.64427171e+00,   2.73520412e+00,   2.46524053e+00,
          1.83505629e+00,   2.35048483e+00,   2.42132160e+00,
          1.66615611e+00,   2.78055990e+00,   3.21533123e+00,
          2.96547997e+00,   2.52355154e+00,   1.74142712e+00],
       [ -5.45194619e+00,  -5.59615061e+00,  -3.87150654e+00,
         -4.90160527e+00,  -5.39448392e+00,  -4.85553685e+00,
         -3.94271644e+00,  -4.84987456e+00,  -3.57659005e+00,
         -4.94672035e+00,  -5.10603220e+00,  -4.37179346e+00,
         -4.08558363e+00,  -4.84496680e+00,  -4.38515903e+00,
         -4.10747516e+00,  -5.35097461e+00,  -4.39516868e+00,
         -4.39967932e+00,  -5.10810476e+00,  -4.50069027e+00,
         -4.60981877e+00,  -4.23178429e+00,  -4.81226982e+00,
         -4.15270485e+00,  -4.86676598e+00,  -5.38015317e+00,
         -5.65004365e+00,  -5.03187547e+00,  -3.24990522e+00],
       [ -2.26868273e+00,  -1.65248379e+00,  -1.50007795e+00,
         -7.56688760e-01,  -1.32948506e+00,  -1.22247900e+00,
         -8.06220446e-01,  -1.67623951e+00,  -1.67020762e+00,
         -2.00321262e+00,  -1.55700319e+00,  -1.04490060e+00,
         -1.84877314e+00,  -8.29631509e-01,  -1.41139269e+00,
         -1.53869051e+00,  -1.44493706e+00,  -1.58966198e+00,
         -9.96161539e-01,  -1.31338448e+00,  -1.14418808e+00,
         -9.75794073e-01,  -7.53130299e-01,  -1.46456774e+00,
         -5.27970991e-01,  -2.07927462e+00,  -1.19841245e+00,
         -1.61974811e+00,  -1.63983281e+00,  -1.34293438e+00],
       [ -2.25223133e+00,  -2.27145037e+00,  -1.00482079e+00,
         -2.53928788e+00,  -2.17976407e+00,  -1.84693615e+00,
         -2.39423776e+00,  -1.94949804e+00,  -1.49792566e+00,
         -2.74610451e+00,  -2.72678898e+00,  -2.65770805e+00,
         -2.25914950e+00,  -2.95628300e+00,  -1.93847876e+00,
         -2.39516331e+00,  -2.13989827e+00,  -2.53157205e+00,
         -2.60041953e+00,  -2.30064581e+00,  -2.58987211e+00,
         -1.20892893e+00,  -2.06602571e+00,  -1.91549424e+00,
         -2.19628343e+00,  -1.63226599e+00,  -2.82576922e+00,
         -2.17593429e+00,  -1.90139415e+00,  -1.78627269e+00],
       [  8.86717855e-01,   1.13407325e+00,   1.46422248e+00,
          1.29442440e+00,   6.74593854e-01,   5.33384256e-01,
          7.34382742e-01,   9.02462917e-01,   1.15145652e+00,
          1.71980100e+00,   1.10754249e+00,   9.19670284e-01,
          1.55629588e+00,   9.30580137e-01,   1.12473814e+00,
          1.11938973e+00,   6.24440910e-01,   6.30589555e-01,
          8.08233963e-01,   1.39957045e+00,   7.89279378e-01,
          9.94849074e-01,   7.39144860e-01,   1.17686646e+00,
          9.27729484e-01,   7.30097942e-01,   9.08129295e-01,
          1.32820863e+00,   1.58744870e+00,   1.24583939e+00],
       [  1.21562695e+00,   1.52127063e+00,   1.20827677e+00,
          1.23240337e+00,   1.76907093e+00,   1.60972974e+00,
          9.77116610e-01,   1.16341377e+00,   1.11593167e+00,
          1.31419262e+00,   1.26741982e+00,   1.31428994e+00,
          1.26811354e+00,   1.42712507e+00,   1.59308505e+00,
          1.34479525e+00,   1.50417588e+00,   1.34610414e+00,
          9.74487793e-01,   2.05435275e+00,   1.22072299e+00,
          1.24397736e+00,   1.63885277e+00,   1.62144685e+00,
          1.07141635e+00,   1.71362406e+00,   1.80992155e+00,
          1.96873383e+00,   1.50677614e+00,   8.12283933e-01]])], [array([[ 0.,  0.,  0., ...,  0.,  0.,  0.],
       [ 0.,  0.,  0., ...,  0.,  0.,  0.],
       [ 0.,  0.,  0., ...,  0.,  0.,  0.],
       ..., 
       [ 0.,  0.,  0., ...,  0.,  0.,  0.],
       [ 0.,  0.,  0., ...,  0.,  0.,  0.],
       [ 0.,  0.,  0., ...,  0.,  0.,  0.]]), array([[ -3.55715569e-03,  -2.28157869e-01,   5.87345027e-02,
         -4.51626492e-01,  -4.31004709e-01,  -3.66947282e-01,
         -1.17538388e-01,  -1.41258771e-02,   1.14042529e-02,
         -2.35061480e-01,   7.45888824e-02,  -2.50352042e-01,
         -2.48731249e-01,  -4.18928683e-01,   1.19742031e-02,
         -1.13645952e-02,  -3.20121069e-01,  -5.08992909e-01,
         -1.35540746e-01,  -1.65720733e-01,   3.67179293e-02,
         -1.73471378e-02,  -2.35358640e-01,   1.81291093e-02,
          8.49235858e-03,  -2.07720520e-01,  -2.67135499e-01,
         -1.72889447e-01,  -5.11844118e-01,  -4.88484673e-01],
       [  6.30491433e-01,   7.79270951e-01,   1.66481273e+00,
          1.27367242e+00,   3.06025400e+00,   5.15444183e-01,
          2.26101565e+00,   1.02237676e-01,   2.06114472e+00,
          2.05142574e+00,   2.49089518e+00,   1.99800677e+00,
          1.00685962e+00,   2.99488091e+00,   2.31416860e+00,
          2.04280039e+00,   2.57746001e+00,   1.64930972e-01,
          1.16622790e+00,   3.30746891e+00,   2.67158456e+00,
          2.18950134e+00,   2.50507968e+00,   3.19645713e+00,
          2.80350914e-01,   1.80813830e+00,   1.93554504e+00,
          1.51218505e+00,   1.96800653e+00,   1.41356890e+00],
       [  1.56465943e-01,   2.41978441e-01,  -3.40115397e-01,
          1.87003665e-01,  -3.57824378e-01,   3.05256571e-01,
         -8.64481432e-01,   2.31953585e-01,  -8.33528417e-01,
         -5.20428659e-01,  -8.48867394e-01,  -8.43118833e-01,
          9.99303901e-02,  -6.10017155e-01,  -6.36416852e-01,
         -8.27719773e-01,  -3.44720689e-01,   3.54919730e-01,
          1.94144138e-01,  -5.40276705e-01,  -4.40545476e-01,
         -1.13915402e+00,  -8.96611860e-01,  -8.09859802e-01,
         -8.96795129e-02,   2.89170945e-01,   4.32134472e-01,
          1.67846876e-01,  -4.74623210e-01,   3.18473475e-01],
       [  1.19074494e+00,   1.21634646e+00,   9.37631167e-01,
          1.24401298e+00,   8.54611877e-01,   7.82504927e-01,
         -2.83519319e-01,   1.04352304e+00,  -2.88776571e-01,
         -2.40605064e-01,   4.01509481e-01,  -1.45373438e-01,
          1.67175091e+00,  -8.58383830e-02,  -5.31739856e-01,
          1.17718350e-01,   8.47752061e-01,   5.67000382e-02,
          7.61833346e-02,   6.81496627e-01,   5.68165499e-01,
         -3.96595855e-01,   4.88174056e-01,   1.59038592e-02,
          1.39830212e-01,   1.09905533e+00,   8.26075636e-01,
          6.10510162e-01,   5.48453794e-01,   2.81121160e-01],
       [  4.26246422e-01,   1.58835821e-01,   2.91078164e-01,
          3.91715228e-01,   2.53717322e-01,   8.02887021e-02,
          2.88701798e-01,   2.17381244e-01,   2.66945621e-01,
          3.27551297e-01,   2.96638165e-01,   2.58474207e-01,
          4.00124681e-01,   3.06902552e-01,   2.04917069e-01,
          1.67714202e-01,   2.19383614e-01,   1.15753046e-01,
          3.20376726e-01,   5.23649820e-01,   4.17710226e-01,
          1.74370904e-01,   2.31095937e-01,   3.65226587e-01,
          2.43062334e-01,   2.26048687e-01,   2.79410189e-01,
          1.66870680e-01,   2.75552072e-01,   2.07856786e-01],
       [ -1.63854767e+00,  -2.01839681e+00,  -1.57644825e+00,
         -2.33354199e+00,  -3.11131860e+00,  -1.93686840e+00,
         -1.27790263e+00,  -1.55548994e+00,  -1.23495517e+00,
         -2.00311151e+00,  -2.06898426e+00,  -1.21296436e+00,
         -2.22269273e+00,  -2.69996540e+00,  -1.93940375e+00,
         -8.31972982e-01,  -2.14053771e+00,  -9.55114339e-01,
         -1.99525668e+00,  -3.44774624e+00,  -3.16058934e+00,
         -8.86966824e-01,  -1.70927683e+00,  -2.00478737e+00,
         -6.31980614e-02,  -2.44188364e+00,  -2.71064444e+00,
         -1.90985735e+00,  -2.54748895e+00,  -2.84249161e+00],
       [  5.62033392e-01,   2.85680999e-01,   2.20113299e-01,
          8.05304833e-01,   6.17489301e-01,   4.66590226e-01,
          1.13816722e-01,   2.78298625e-01,   4.02486018e-01,
          5.25610883e-01,   2.69175364e-01,   5.24678234e-01,
          7.77899306e-01,   7.84884175e-01,   7.20834216e-01,
          6.34281604e-02,   3.22676492e-01,   8.07468049e-01,
          4.57666026e-01,   6.24084972e-01,   5.50120839e-01,
          1.45093999e-01,   4.60151319e-01,   6.13250825e-01,
          1.63371326e-01,   1.52829601e-01,   4.95113023e-01,
         -8.45002573e-02,   1.11689617e+00,   7.98499037e-01],
       [ -4.98808191e-01,  -1.38714392e-01,  -4.19578128e-01,
          3.39589984e-02,  -2.06123711e-01,   1.13576282e-02,
         -5.70533064e-01,  -1.07326498e-01,  -3.47802049e-01,
         -9.65903827e-02,  -5.96815947e-02,  -5.75830605e-01,
         -5.04738655e-01,  -3.19381291e-01,  -4.87971705e-01,
         -4.72170238e-01,  -4.69511794e-01,   1.18452256e-02,
         -4.43705236e-02,  -4.04836985e-01,  -6.50858561e-03,
         -3.08411561e-01,  -5.59000410e-01,  -5.21503705e-01,
         -4.55906015e-01,  -1.01838918e-01,  -2.89589482e-01,
         -2.22864090e-01,  -5.50250291e-01,   2.50492435e-02],
       [ -6.36230354e-01,  -1.71232824e-01,  -6.20851726e-01,
         -8.70475561e-01,  -7.53750605e-01,   1.58396176e-01,
          2.14074840e-01,  -5.48409219e-02,   2.53690869e-01,
          1.40962420e-01,  -7.79656583e-02,   2.82227800e-01,
         -7.51739455e-01,   1.17486822e-01,   2.08556503e-01,
         -2.99673638e-01,  -6.02344834e-01,  -1.76578103e-01,
         -3.66873669e-02,  -4.32435211e-01,  -2.37290072e-01,
          1.29279105e-01,  -4.37777218e-01,  -1.04371770e+00,
          7.76055787e-02,  -9.39473451e-01,  -9.17449115e-01,
         -2.01509666e-01,  -3.15528888e-02,   3.56513958e-01],
       [ -1.88838762e-01,  -1.25610781e-01,  -2.15376366e-01,
         -2.80024087e-01,   7.39495014e-02,  -1.60227293e-02,
          2.36365822e-01,  -1.41610933e-01,  -2.90609280e-01,
          5.02467563e-02,  -4.77308171e-01,  -3.57477313e-02,
         -2.28662822e-01,  -7.00235450e-02,   1.35081573e-01,
          5.12401216e-02,  -9.00360817e-02,   1.29068292e-01,
         -2.74280230e-03,  -1.45684452e-01,  -3.99365585e-01,
          1.10230050e-01,   1.53523959e-01,   1.70901070e-01,
         -3.03929136e-01,   1.15673662e-01,   2.16540170e-01,
          1.34208041e-01,   2.06850891e-01,  -7.01062768e-02]])], [array([[ 0.,  0.,  0., ...,  0.,  0.,  0.],
       [ 0.,  0.,  0., ...,  0.,  0.,  0.],
       [ 0.,  0.,  0., ...,  0.,  0.,  0.],
       ..., 
       [ 0.,  0.,  0., ...,  0.,  0.,  0.],
       [ 0.,  0.,  0., ...,  0.,  0.,  0.],
       [ 0.,  0.,  0., ...,  0.,  0.,  0.]]), array([[  6.32293914e-02,  -8.96329554e-03,   1.96037872e-03,
         -1.90494507e-02,   8.54829293e-02,  -3.45720852e-02,
         -1.85301571e-03,  -1.22327714e-02,   2.72999779e-03,
          2.14313216e-03,   1.87379615e-03,   2.94550315e-03,
          4.39043353e-02,   1.07293969e-01,   3.89123598e-03,
          2.24843452e-03,   8.78518309e-02,   2.04783525e-02,
         -1.42282797e-03,   9.20608419e-02,   1.34883959e-02,
          1.43230845e-03,   8.46163147e-02,   7.32244670e-02,
          3.27888773e-03,   1.01269026e-01,   6.57276740e-02,
         -2.12957759e-02,  -4.75040365e-02,   9.62411563e-02],
       [  6.19461162e-01,   5.03445210e-01,  -1.80402745e-02,
          7.59871701e-03,   5.91556237e-01,   7.57151124e-02,
          5.96943247e-01,   3.10196089e-03,   3.75634797e-01,
          8.97814947e-04,   1.85518688e-01,   3.97135063e-01,
          3.41388701e-01,   3.68430131e-02,   2.46345636e-01,
          5.10073643e-02,   6.10277828e-01,  -5.89917789e-03,
          1.38988486e-02,   6.12581513e-01,   1.16837247e-02,
         -2.36060574e-02,   5.96722119e-01,   6.70678223e-01,
          1.05701739e-01,   5.95070214e-02,   1.78751564e-01,
          2.30925126e-01,   1.97651332e-01,   1.62032453e-01],
       [  6.56761680e-02,  -7.58619929e-03,  -3.55447079e-02,
         -5.04669590e-02,   5.07774635e-03,   2.24275255e-02,
         -9.16537773e-03,   2.17108937e-03,   4.90239140e-02,
          1.61835716e-02,   2.65946614e-02,  -1.57244079e-02,
         -8.82631415e-03,  -1.81464558e-02,   4.86729578e-02,
         -9.80071260e-03,   8.25534174e-03,   4.13602016e-02,
         -1.84980962e-02,   5.78951478e-02,   4.31930499e-02,
         -3.03571009e-02,   3.53087234e-04,   3.58960447e-02,
          1.56520439e-02,   4.61241280e-02,  -1.86931720e-02,
         -1.12600709e-02,   7.49616373e-02,   5.61485796e-02],
       [ -2.06612939e-01,  -4.71534822e-03,  -4.08404476e-02,
         -4.09548692e-02,  -1.45281304e-01,   1.34548568e-01,
          2.31800435e-01,  -1.42995894e-02,   5.65396012e-02,
          1.29713999e-02,  -7.18286949e-03,   2.32409185e-01,
         -1.70896561e-01,  -3.10727299e-01,   6.06680398e-02,
          1.56322679e-02,  -1.30713199e-01,  -1.72448714e-01,
         -1.33748371e-01,  -8.59491367e-02,  -3.95819539e-03,
          1.75503025e-02,  -1.66797643e-01,  -1.95408199e-01,
          3.54487279e-02,  -2.80143054e-01,  -2.89409398e-01,
          1.58426324e-01,   8.49265242e-02,  -2.23976177e-01],
       [  3.04545657e-01,  -4.90581371e-03,  -4.90915512e-01,
         -2.83451039e-01,   6.33745397e-02,   1.71652027e-02,
         -1.39334867e-02,   6.73069691e-04,  -6.73130522e-01,
         -1.49257852e-01,  -4.54524742e-01,   5.41485522e-01,
          4.19061889e-01,   5.91564095e-02,  -9.48199500e-01,
         -4.22480213e-02,  -3.81077156e-01,  -2.16233813e-02,
          6.96296651e-01,  -7.02967567e-01,  -2.13985982e-01,
          2.76558359e-03,  -6.13268938e-02,  -6.59549120e-01,
          2.81024410e-01,  -9.63202281e-01,  -5.13011076e-01,
         -1.69359435e-02,  -4.29223935e-01,  -4.76606612e-04],
       [  8.14770115e-02,  -5.98183110e-03,   4.03212169e-02,
          4.07038597e-02,   1.60270666e-02,  -9.90052588e-02,
          1.22552068e-02,   1.36402234e-02,   3.93637612e-02,
          2.46456617e-03,  -7.95729672e-03,   3.71885531e-03,
          2.29203645e-02,   5.56897929e-02,   1.94454158e-02,
          6.20377768e-03,   1.54977842e-02,   1.66241497e-02,
          1.16005360e-01,   4.56385211e-02,  -8.60724056e-03,
          3.16827284e-03,   7.25878170e-02,   9.94878953e-02,
          2.36354071e-02,   9.63710262e-03,   3.14986797e-02,
         -3.99391535e-02,   2.70857549e-02,  -2.24617744e-02],
       [ -2.44173853e-03,   1.45092649e-02,   1.33014423e-02,
         -1.17571218e-02,   2.66687239e-04,  -5.62433393e-03,
         -8.66493934e-03,   1.20608421e-03,   6.10998744e-03,
         -3.94875017e-02,   1.11544385e-02,  -1.44765170e-02,
         -1.30531597e-04,  -3.80916662e-02,   9.79416276e-03,
         -4.90924568e-03,   4.85297090e-03,   5.04215777e-03,
         -3.28127610e-02,  -2.24100737e-02,  -2.56546845e-02,
         -5.20698208e-03,  -1.16841977e-03,  -8.35308871e-03,
         -3.51385270e-03,  -2.74549900e-02,  -2.20202989e-02,
         -3.08708106e-04,  -1.83380329e-02,  -4.08403055e-02],
       [  6.87462306e-02,   3.03125400e-02,   5.47582675e-02,
          3.82209966e-02,   5.34653880e-02,   9.76705819e-03,
          2.13075429e-02,  -4.23452844e-03,   4.26647601e-02,
          6.45574419e-03,   2.77804839e-02,   5.38110838e-02,
          5.40187400e-02,   3.96043862e-02,   3.35134855e-02,
          1.89646502e-02,   6.55692128e-02,   1.22402110e-02,
          2.37548689e-02,   7.00195420e-02,   2.92168161e-02,
          2.57202637e-02,   7.31099009e-02,   8.43549533e-02,
          2.17242508e-02,   2.36006474e-02,   6.21224430e-02,
          2.29031718e-02,   2.45034090e-02,   5.29175833e-03],
       [  4.38028092e-01,   1.29178805e-01,   9.51822826e-01,
          9.77151203e-01,   3.15765521e-01,   4.67412134e-02,
          5.07702208e-02,   5.80715868e-03,   3.93468889e-01,
          6.49541541e-02,   1.35523653e-01,   1.32821617e-01,
          2.58563329e-01,   2.22439705e-01,   7.63168169e-01,
          9.22319668e-03,   3.58607200e-01,   9.32735879e-01,
          1.71876698e-01,   1.09698542e+00,   9.36223155e-01,
          2.03312454e-02,   2.96838396e-01,   1.05780998e+00,
          6.57605382e-02,   9.43252105e-01,   6.73289184e-01,
          5.30685250e-02,   8.57490094e-01,   2.00228610e-01],
       [ -1.43210903e+00,  -6.45293331e-01,  -4.76823189e-01,
         -6.57995337e-01,  -9.85734811e-01,  -1.67163002e-01,
         -8.79459833e-01,   4.16730298e-03,  -2.92405186e-01,
          8.26749706e-02,   8.12191873e-02,  -1.33412590e+00,
         -9.60003952e-01,  -1.54061855e-01,  -2.37299603e-01,
         -4.63217117e-02,  -6.39121813e-01,  -8.28509679e-01,
         -8.35350370e-01,  -1.16385420e+00,  -7.81599039e-01,
         -1.17978360e-02,  -8.94934677e-01,  -1.15814116e+00,
         -5.48712152e-01,   8.74102951e-02,  -1.68255600e-01,
         -3.75583495e-01,  -7.71552747e-01,  -2.32187694e-01]])], [array([[ 0.,  0.,  0., ...,  0.,  0.,  0.],
       [ 0.,  0.,  0., ...,  0.,  0.,  0.],
       [ 0.,  0.,  0., ...,  0.,  0.,  0.],
       ..., 
       [ 0.,  0.,  0., ...,  0.,  0.,  0.],
       [ 0.,  0.,  0., ...,  0.,  0.,  0.],
       [ 0.,  0.,  0., ...,  0.,  0.,  0.]]), array([[  3.42983804e-03,  -4.25797099e-02,   3.03413976e-03,
         -4.75579110e-02,  -4.91993246e-02,  -2.44717082e-03,
         -3.53293876e-02,  -2.02071924e-03,   1.57014475e-04,
          3.16383800e-03,   1.73676691e-03,   2.35768083e-03,
         -1.41162458e-02,  -1.15203911e-04,   4.53781693e-04,
          5.02826954e-04,  -5.09104372e-02,  -4.98898889e-02,
          5.57180688e-03,   8.57566942e-03,  -2.20090539e-04,
         -1.42811571e-02,  -5.19067253e-02,  -4.65907176e-02,
          3.98180360e-04,  -4.35128706e-02,  -4.43791131e-02,
          8.07976979e-04,  -4.64322479e-02,   9.27051418e-04],
       [ -1.55396511e+00,  -1.75902223e-02,  -6.67383525e-01,
         -6.42736856e-01,  -1.31848120e+00,  -5.38750748e-02,
         -6.97203526e-01,  -9.62959223e-03,  -1.38412421e+00,
         -1.65357994e-02,  -6.50451546e-01,  -1.50026148e+00,
         -1.05984774e+00,  -8.58374502e-01,  -1.07972409e+00,
         -1.12820705e-01,  -1.54189928e+00,   8.01309176e-04,
         -1.20179204e-01,  -1.76311284e+00,  -1.19512999e+00,
         -1.05647833e-01,  -3.30558274e-01,  -1.38386475e+00,
         -7.29341762e-01,  -7.67994427e-01,  -1.23178293e-02,
         -9.67507076e-02,  -9.64238691e-01,  -1.95341972e-01],
       [  3.33543353e-01,   2.87908485e-02,   6.30510739e-03,
          3.82300533e-01,   3.93074649e-01,   5.68503176e-02,
         -6.41267347e-03,   2.03774692e-03,   2.77176457e-03,
          1.54417145e-01,   1.28594043e-03,  -3.31749910e-02,
          3.24038667e-01,   3.48905433e-01,   4.91825167e-03,
          2.78063337e-01,   3.82603861e-01,   7.53448991e-02,
          1.12552584e-01,   3.26232972e-01,   3.62209932e-02,
          4.55614675e-02,   3.57382290e-01,   3.81462253e-01,
          3.20680504e-03,   4.17348771e-01,   3.83639025e-01,
          3.34207323e-01,   1.04315855e-01,  -2.24265164e-02],
       [ -8.18721106e-01,  -1.20199696e-01,   1.21097853e-02,
         -4.10887508e-01,  -8.60434640e-01,  -1.56808604e-01,
         -8.76720096e-02,  -3.05759413e-03,   2.52589450e-03,
         -1.87583277e-01,  -2.30960539e-01,   1.34935928e-02,
         -7.02244442e-01,  -6.96788397e-01,  -3.40599458e-02,
         -4.66226474e-01,  -8.36719334e-01,  -3.16293014e-02,
         -3.12659328e-01,  -8.43763652e-01,  -8.27979952e-02,
         -2.99524198e-02,  -8.20194223e-01,  -8.23134851e-01,
         -1.53287413e-02,  -8.40152187e-01,  -7.93503263e-01,
         -4.23519783e-01,  -2.09894957e-02,  -2.00916465e-01],
       [ -1.56403491e-01,   1.34477748e-04,  -1.65473832e-01,
         -1.85925560e-01,   1.37672047e-02,  -2.78849864e-02,
          4.98144754e-03,  -2.69953845e-03,  -3.50548110e-02,
         -2.60407999e-02,  -3.46688060e-02,  -7.97876468e-02,
         -1.63267083e-01,  -1.06592820e-01,  -5.36630303e-02,
         -4.63999150e-03,  -6.75502589e-03,  -6.16221843e-02,
         -1.76450585e-01,  -1.28741513e-01,  -1.21460658e-01,
         -1.47985371e-04,  -1.98170673e-03,  -1.47311993e-01,
         -1.43414712e-01,   1.44785875e-04,  -8.03203792e-02,
         -1.50847732e-03,  -1.87617810e-01,  -6.66566399e-03],
       [  2.18573266e-01,   9.24366155e-02,   2.19720680e-02,
          3.91420433e-02,   2.21321069e-01,   9.64861756e-02,
          9.65539539e-02,   2.97008106e-03,   5.25364472e-03,
          4.60793240e-03,   1.84818606e-01,   5.04974269e-03,
          1.42068663e-01,   6.83916410e-02,   1.83893250e-02,
          2.25943182e-03,   2.16708647e-01,   1.33064321e-02,
          2.72683765e-02,   2.24154885e-01,   5.13964106e-02,
          9.99681431e-04,   1.98325457e-01,   2.04461651e-01,
          1.21999534e-02,   2.10109604e-01,   2.04580509e-01,
          1.33841645e-02,   2.31672224e-02,   1.91951797e-01],
       [ -1.28280040e-03,  -3.06852674e-05,   7.96818422e-04,
          3.80308173e-03,   4.53788073e-03,  -1.57421365e-02,
          2.93449334e-03,   3.50334463e-05,   2.44039983e-03,
          5.18917431e-03,   5.20317784e-04,  -2.17505514e-03,
          5.44427403e-03,   2.58205481e-04,   2.51436517e-03,
          4.10532119e-03,   1.63141798e-02,   5.12957973e-03,
         -1.00717400e-02,   7.74805145e-03,  -4.49450327e-03,
          1.12683130e-03,   2.11157844e-02,   7.32480876e-03,
          4.49771305e-04,  -1.06452562e-03,   5.84832299e-03,
          6.24458987e-04,  -4.56561209e-03,  -8.32211411e-03],
       [  1.69256234e-01,  -3.24446381e-03,   1.12881631e-01,
          1.71135043e-03,   1.30099223e-01,   2.46165941e-03,
          1.42937717e-01,  -4.89910486e-03,   1.80666914e-01,
          1.05064021e-02,   1.34384057e-01,   1.64298301e-01,
          1.62817922e-01,   5.24026843e-02,   1.80731149e-01,
          5.46337860e-03,   1.73764293e-01,   2.20156583e-03,
          1.31154441e-02,   1.86042405e-01,   6.70550961e-02,
          2.08358601e-02,   3.46765713e-02,   1.79687461e-01,
          1.24680160e-01,   1.22730269e-01,  -2.02334887e-03,
         -1.58537731e-02,   1.46737397e-01,   4.27652955e-02],
       [  8.26978450e-01,  -3.69783906e-02,  -7.98508265e-02,
          5.69336484e-01,   8.93260436e-01,   3.76737083e-02,
          8.71590847e-02,   1.60559292e-04,   4.98196356e-01,
          2.53751178e-02,  -1.37137541e-02,   7.34910864e-01,
          3.60268970e-01,   7.92385181e-01,   2.13125447e-01,
          2.08222794e-01,   8.09411072e-01,  -6.06576850e-02,
          2.60413169e-01,   1.00085622e+00,   7.31427804e-01,
          6.56715579e-03,   3.13521353e-01,   6.53291829e-01,
         -8.65282229e-03,   3.11192440e-01,   1.67995733e-01,
          1.72958690e-01,   9.77731264e-02,   6.86347135e-02],
       [  9.78591367e-01,   9.92612261e-02,   7.55608633e-01,
          2.90814343e-01,   5.72054706e-01,   6.32861113e-02,
          4.92050899e-01,   1.71031282e-02,   7.27167029e-01,
          2.69002668e-02,   6.07048957e-01,   6.95288995e-01,
          9.44837011e-01,   3.99527777e-01,   7.47314751e-01,
          8.50700809e-02,   8.37482023e-01,   1.07015274e-01,
          2.00439477e-01,   9.82007801e-01,   5.18002935e-01,
          7.49383997e-02,   2.79619473e-01,   9.74674311e-01,
          7.55803168e-01,   5.91198141e-01,   1.70480343e-01,
          1.56501280e-02,   8.51850255e-01,   1.29393875e-01]])], [array([[ 0.,  0.,  0., ...,  0.,  0.,  0.],
       [ 0.,  0.,  0., ...,  0.,  0.,  0.],
       [ 0.,  0.,  0., ...,  0.,  0.,  0.],
       ..., 
       [ 0.,  0.,  0., ...,  0.,  0.,  0.],
       [ 0.,  0.,  0., ...,  0.,  0.,  0.],
       [ 0.,  0.,  0., ...,  0.,  0.,  0.]]), array([[  5.60136282e-01,  -1.25942479e-01,   7.53825280e-02,
          1.10664555e-01,  -5.01630540e-01,   4.18164583e-02,
          2.55822473e-03,   1.18363460e-02,   8.92227663e-04,
          4.23949575e-03,   8.40528743e-03,   6.56775299e-02,
         -3.08314095e-01,  -1.57747295e-01,   7.38235276e-03,
          6.87389083e-03,  -2.41888445e-01,   6.47399610e-01,
          6.57070515e-02,   7.31239076e-01,   9.17069394e-02,
         -1.93198683e-03,  -5.68359582e-01,  -4.01684619e-01,
          2.87555162e-02,   3.52174347e-01,   1.50847096e-01,
         -2.52180581e-02,   5.85837116e-01,   7.27021362e-01],
       [ -4.42052890e-01,  -3.05227831e-02,  -8.26150512e-01,
         -2.90609809e-02,  -5.68031876e-01,  -4.41745414e-03,
         -2.09125241e-01,  -1.79911132e-04,  -6.07131881e-01,
         -1.63343383e-02,  -1.03562520e-01,  -8.29050722e-01,
         -8.23380015e-01,  -3.49464052e-01,  -3.19883863e-01,
         -1.61950978e-01,  -7.75159484e-01,  -5.04441427e-03,
         -2.88664292e-02,  -7.50561556e-01,  -9.42307312e-03,
         -6.09346152e-01,  -7.47465107e-01,  -7.70392335e-01,
         -2.10824304e-01,  -5.37808710e-01,  -7.56152951e-01,
         -6.41485601e-01,  -6.06581783e-01,  -1.01059189e-02],
       [ -7.49437624e-02,   2.90240090e-03,  -1.48514146e-01,
         -1.60326161e-02,   6.08678396e-02,   2.28749704e-03,
         -2.60125231e-02,  -1.29690207e-02,   6.39501191e-04,
         -2.20721722e-02,   2.94810717e-03,  -1.12306636e-01,
         -2.15188381e-02,   4.76586038e-02,  -1.03912511e-02,
          3.98689772e-02,   7.57247519e-02,  -2.30344395e-01,
         -2.00722456e-02,  -1.52069740e-01,   9.96651112e-03,
          5.05401056e-03,   5.81820347e-02,  -1.33244837e-01,
         -4.36605996e-02,  -1.00900964e-01,  -1.27794327e-01,
          9.30143682e-03,   1.69157424e-02,  -2.26229791e-01],
       [ -2.62892759e-01,   1.86881862e-01,   5.45481344e-02,
          2.92937472e-01,   2.62725160e-01,  -2.94876285e-01,
          5.28597727e-02,   1.43250910e-02,   3.17248464e-02,
         -3.11532031e-02,   1.17708317e-01,   9.46623646e-03,
         -1.97008884e-01,  -2.98928142e-01,   2.33366970e-02,
          1.68101234e-03,  -5.85720264e-02,   3.22456314e-02,
         -7.92442552e-02,  -1.48659563e-01,   1.92886265e-01,
          1.15885117e-02,   2.85976681e-02,  -6.35692671e-02,
          5.40808168e-02,   1.64373039e-01,  -9.84740692e-02,
         -4.67500172e-01,  -9.65911610e-02,  -2.68448042e-01],
       [  2.30518942e-01,   3.86175285e-03,   1.90792589e-01,
          2.16419469e-01,   8.88765082e-02,   4.51689264e-03,
          8.77133779e-03,  -2.18333539e-03,   5.66204144e-02,
          2.79197577e-02,   6.52096215e-03,   1.64465704e-02,
          1.54799751e-01,   2.26495356e-01,   1.98952627e-02,
          2.05226650e-02,   4.51631489e-02,   4.63104460e-02,
          8.65412240e-02,   2.28592527e-01,   1.52553723e-01,
          1.23799444e-02,   3.21316094e-02,   1.92994267e-01,
          1.28516026e-01,   1.17949634e-01,   6.94483062e-02,
         -9.54403991e-04,   1.80799141e-01,   6.36985088e-02],
       [  4.60574162e-01,  -1.35119854e-01,   1.88842906e-02,
         -1.69990048e-01,   7.65264153e-02,   4.83810397e-01,
          9.02592050e-02,  -3.29119839e-03,  -2.57272429e-03,
          6.01052411e-05,  -1.17443862e-01,   2.85519297e-02,
          4.14900499e-01,   4.77764665e-01,   5.37009255e-02,
         -6.44310599e-02,   2.72096629e-01,   6.65413152e-03,
          9.07749016e-02,   4.18478959e-01,  -5.54558725e-02,
         -2.48511925e-02,   2.99772444e-01,   4.00105657e-01,
          2.98722863e-04,   1.10639829e-01,   4.16316395e-01,
          5.48223439e-01,   3.40098152e-01,   3.45745978e-01],
       [ -7.24771361e-01,   1.72989027e-02,  -1.83604658e-02,
         -7.14461283e-01,  -1.17472448e-01,  -6.36441390e-01,
         -1.54497134e-03,  -4.35155578e-03,  -3.10353917e-03,
          3.96512112e-03,   4.19505533e-03,  -1.14347387e-02,
         -2.45738700e-01,  -1.08848486e-01,  -8.68701126e-02,
         -1.26610746e-03,  -2.88855730e-01,  -6.11736789e-01,
         -1.49727311e-01,  -7.39956854e-01,  -1.84873675e-01,
          2.52909100e-03,   4.56507131e-02,  -7.31963679e-02,
         -1.52845797e-02,  -4.36236090e-01,  -7.09594180e-01,
         -2.30535960e-03,  -8.24008493e-01,  -7.54356002e-01],
       [  2.76355613e-01,  -1.33039991e-01,   5.67230703e-01,
          1.25691188e-02,   6.23311342e-01,   4.22324900e-03,
          2.69112076e-01,  -1.37109685e-01,   5.83239596e-01,
          2.20987876e-02,   7.35032649e-02,   7.75901577e-01,
          5.68879554e-01,   4.17974851e-01,   3.02999357e-01,
          1.62404332e-01,   6.29250430e-01,  -2.56548532e-03,
         -3.88939351e-03,   7.21582606e-01,  -1.09133821e-02,
          5.85708012e-01,   5.47407981e-01,   6.02821523e-01,
          5.01689637e-02,   5.71120612e-01,   7.35230622e-01,
          6.26562689e-01,   4.16152641e-01,   4.30050625e-02],
       [ -1.14150776e-01,   4.10433707e-02,   1.05960353e-02,
          3.74907365e-01,   4.36161153e-02,   3.56721182e-01,
         -1.98565578e-01,   3.50152386e-03,   8.16233458e-04,
          1.11905990e-02,  -2.37280226e-02,   1.63492437e-02,
          2.89153799e-01,  -1.07596537e-01,   2.37229272e-02,
         -7.78730124e-03,   1.09472647e-01,   5.94967831e-02,
          4.00537637e-02,  -2.46201774e-01,  -6.91594924e-02,
          2.73486062e-02,   2.49041400e-02,   8.04980941e-02,
          6.25004601e-03,  -2.58591127e-01,   1.41446579e-01,
         -5.43621790e-02,  -1.09997504e-01,   6.77495804e-02],
       [  9.12265493e-02,   1.72636818e-01,   7.55908435e-02,
         -7.79530535e-02,   3.12114828e-02,   4.23594530e-02,
          1.16876972e-02,   1.30421746e-01,  -6.11246746e-02,
          8.58472140e-05,   3.14534108e-02,   4.03990090e-02,
          1.68226929e-01,  -1.47308964e-01,  -1.38922955e-02,
          4.08456878e-03,   2.32768078e-01,   5.75844811e-02,
         -1.27730608e-03,  -6.24436810e-02,  -1.17287944e-01,
         -8.47884441e-03,   2.79178099e-01,   1.65667884e-01,
          1.69939174e-03,   1.72794296e-02,   1.78726529e-01,
          7.73820867e-03,   9.73761495e-02,   1.19192633e-02]])]]
[[array([[ 1.68444997],
       [-0.00417887],
       [ 0.4549854 ],
       [ 0.9697986 ],
       [ 0.85528872],
       [-0.45771033],
       [ 0.12971161],
       [-0.516394  ],
       [-0.12319175],
       [ 0.01413359],
       [-0.75490158],
       [ 0.80404172],
       [-0.60221026],
       [ 0.65439034],
       [-0.35503306],
       [ 1.61009048],
       [ 0.75789504],
       [ 0.46817906],
       [ 0.75801429],
       [ 1.4526756 ],
       [ 0.12063606],
       [ 2.17949461],
       [ 1.56245516],
       [ 2.1130001 ],
       [-0.18949813],
       [-0.01928189],
       [ 0.78721069],
       [ 0.62571213],
       [ 0.3783314 ],
       [-0.78068863]]), array([[ -5.91842712],
       [  0.30954366],
       [ 13.5957661 ],
       [ -0.87802769],
       [  4.97600824],
       [ -9.42686857],
       [ -2.78916056],
       [ -4.49943201],
       [  1.87403619],
       [  2.75656174]])], [array([[-0.03376711],
       [-0.95334719],
       [-0.53483144],
       [-1.05818855],
       [ 0.05921344],
       [-0.87958387],
       [-0.1672057 ],
       [-1.34477281],
       [ 0.92789097],
       [ 0.33712576],
       [ 0.48726094],
       [ 1.5419989 ],
       [-0.83257485],
       [ 1.33712952],
       [ 1.36371773],
       [ 1.25965992],
       [ 0.05270673],
       [ 0.61086727],
       [-0.39839591],
       [ 0.50502699],
       [-0.46308945],
       [ 1.25259932],
       [ 0.4309847 ],
       [ 0.80581283],
       [-0.24938681],
       [-1.40146093],
       [-1.44224336],
       [-0.84951216],
       [ 0.34767766],
       [ 0.06902678]]), array([[-0.4249485 ],
       [ 3.32115771],
       [-0.29321608],
       [ 1.06279999],
       [ 0.55882023],
       [-3.84328222],
       [ 0.94161119],
       [-0.52409908],
       [-0.64775581],
       [-0.15108744]])], [array([[-0.54949247],
       [-0.12534391],
       [-0.00222754],
       [-0.09318428],
       [ 0.29718421],
       [-0.15444085],
       [-0.00305669],
       [ 0.00950475],
       [-0.87285868],
       [ 0.14195962],
       [-0.17915973],
       [ 0.11586331],
       [-0.53701445],
       [ 0.41621165],
       [ 0.17151635],
       [ 0.19555197],
       [ 0.30446592],
       [ 0.23013774],
       [ 0.07101709],
       [ 0.17630412],
       [-0.01695446],
       [-0.04219493],
       [-0.73816254],
       [ 0.38851163],
       [-0.42329569],
       [ 0.14726301],
       [ 0.05368586],
       [ 0.64981741],
       [-0.04239057],
       [ 0.28322892]]), array([[ 0.07232906],
       [ 0.62150637],
       [ 0.04761406],
       [-0.1085682 ],
       [-0.48237826],
       [ 0.04068299],
       [-0.02329727],
       [ 0.08229923],
       [ 1.14329279],
       [-1.39348078]])], [array([[ 0.06228054],
       [ 0.0460077 ],
       [ 0.37496747],
       [ 0.50691569],
       [-0.75204818],
       [ 0.38525787],
       [-0.54465287],
       [-0.02697482],
       [-1.45255774],
       [ 0.25057575],
       [ 0.20272535],
       [-0.166032  ],
       [ 0.24795323],
       [-1.46562218],
       [-0.10474123],
       [-0.68940875],
       [-0.05901413],
       [ 0.14501191],
       [ 0.14260569],
       [ 0.06184027],
       [ 0.35008632],
       [-0.12750325],
       [ 0.29817856],
       [ 0.85334436],
       [ 0.48905278],
       [ 0.37524654],
       [ 0.09131123],
       [-0.38093849],
       [-0.30704602],
       [-0.45517188]]), array([[-0.04304149],
       [-1.76314467],
       [ 0.38274364],
       [-0.84044346],
       [-0.16386635],
       [ 0.2305164 ],
       [ 0.00467856],
       [ 0.17881978],
       [ 1.00018108],
       [ 1.0135565 ]])], [array([[ 0.40741681],
       [-0.19316273],
       [ 0.140831  ],
       [-0.04624507],
       [-0.89118726],
       [ 0.16121217],
       [ 0.00468148],
       [-0.31778028],
       [-0.71339472],
       [-0.02738954],
       [ 0.01806184],
       [-0.17351739],
       [ 0.62357027],
       [-0.4286296 ],
       [-0.45531781],
       [ 1.07255115],
       [-0.24557924],
       [-0.19605384],
       [-0.03218979],
       [ 0.08832227],
       [-0.10345796],
       [-0.31527113],
       [-0.15794226],
       [-0.16716405],
       [ 0.66659096],
       [ 0.64355116],
       [-0.63960622],
       [ 0.55987609],
       [-0.19966925],
       [-0.09276994]]), array([[ 0.22730091],
       [-0.76834097],
       [-0.12906461],
       [-0.03566988],
       [ 0.24279022],
       [ 0.42049722],
       [-0.78873129],
       [ 0.60374199],
       [ 0.10005096],
       [ 0.12742545]])]]
