0.4803
0.145
0.1023
0.0789
0.0679
0.0587
0.0558
0.0598
0.051
0.0479
0.0477
0.0467
0.0478
0.0433
0.0422
0.0437
0.0425
0.0414
0.0422
0.0424
0.041
0.0401
0.0409
0.0379
0.0384
0.0405
0.039
0.039
0.0415
0.0369
0.0367
0.0375
0.0383
0.0383
0.0374
0.0371
0.0371
0.0368
0.0381
0.0371
0.0368
0.038
0.0367
0.0376
0.0376
0.0373
0.0363
0.0377
0.0377
0.0379
0.0379
0.0374
0.038
0.0379
0.0372
0.0374
0.0373
0.0381
0.0379
0.0381

0.4885
0.1415
0.1024
0.0906
0.0766
0.0687
0.0623
0.0594
0.0535
0.05
0.0511
0.049
0.046
0.0426
0.0435
0.0404
0.0413
0.0426
0.0409
0.0377
0.0391
0.0375
0.0396
0.039
0.0377
0.038
0.0389
0.0377
0.0374
0.0362
0.0358
0.035
0.0364
0.0365
0.0364
0.0357
0.0361
0.0357
0.0368
0.036
0.0354
0.0363
0.0357
0.0365
0.0365
0.0363
0.0347
0.0362
0.0361
0.0363
0.0355
0.0364
0.0366
0.0361
0.0362
0.0354
0.0364
0.0347
0.0354
0.0355

0.583
0.2303
0.1369
0.0913
0.0822
0.0723
0.0674
0.0605
0.0569
0.0555
0.0561
0.0528
0.0547
0.0464
0.0478
0.0459
0.0457
0.0461
0.0418
0.0425
0.0434
0.0418
0.0447
0.0398
0.043
0.0416
0.0404
0.0456
0.042
0.0386
0.0382
0.0396
0.0395
0.0392
0.038
0.0401
0.0385
0.0393
0.0389
0.039
0.0387
0.0391
0.0396
0.0389
0.0387
0.039
0.038
0.0395
0.0389
0.041
0.039
0.04
0.0392
0.0398
0.0392
0.039
0.0386
0.0383
0.0392
0.0387

0.4753
0.1357
0.1014
0.083
0.0735
0.0651
0.0648
0.0533
0.0522
0.0501
0.0497
0.0466
0.0456
0.0443
0.0445
0.0455
0.0433
0.0426
0.0424
0.0444
0.0434
0.0439
0.0435
0.0416
0.0437
0.0429
0.0429
0.0444
0.0431
0.0408
0.0423
0.0414
0.0409
0.0409
0.0416
0.0404
0.0431
0.0415
0.0407
0.0414
0.0413
0.0406
0.0408
0.0408
0.041
0.0401
0.0419
0.0401
0.0413
0.0407
0.041
0.041
0.0408
0.0405
0.0414
0.0422
0.0406
0.0405
0.041
0.04

0.5508
0.1979
0.1177
0.0895
0.0754
0.0638
0.0609
0.0574
0.0546
0.0537
0.0507
0.0511
0.0486
0.0473
0.0489
0.0447
0.043
0.0441
0.0435
0.0426
0.0403
0.0415
0.0404
0.0425
0.0402
0.0409
0.04
0.0424
0.041
0.0375
0.0375
0.0383
0.0385
0.038
0.0377
0.0389
0.0384
0.0381
0.0371
0.0389
0.0378
0.0385
0.0375
0.0374
0.0378
0.0385
0.0392
0.0388
0.0386
0.0376
0.038
0.0386
0.0379
0.0383
0.0391
0.0375
0.0377
0.0383
0.0373
0.0382

0.5264
0.1641
0.1096
0.0885
0.0711
0.0635
0.0596
0.0571
0.0476
0.0512
0.0444
0.042
0.0436
0.0412
0.0424
0.0429
0.0401
0.038
0.0381
0.0398
0.0374
0.0375
0.0396
0.037
0.0391
0.0388
0.0384
0.0363
0.0366
0.0355
0.0349
0.0353
0.0355
0.036
0.0363
0.0351
0.0371
0.0365
0.0363
0.0352
0.0376
0.0361
0.0365
0.0355
0.0367
0.0365
0.0366
0.0369
0.0362
0.0367
0.0362
0.0352
0.0382
0.0369
0.037
0.0371
0.0367
0.0374
0.0368
0.0368

0.3854
0.1398
0.099
0.0808
0.0644
0.0596
0.0534
0.05
0.0478
0.0468
0.0443
0.0463
0.0426
0.043
0.0409
0.0418
0.0429
0.0399
0.0416
0.0399
0.0399
0.0387
0.039
0.0376
0.0373
0.0414
0.0375
0.038
0.0389
0.0361
0.0369
0.0373
0.036
0.0366
0.0365
0.0375
0.0377
0.038
0.0363
0.0378
0.0374
0.0374
0.0384
0.0367
0.0373
0.0375
0.0372
0.0377
0.0375
0.0371
0.0365
0.0372
0.0382
0.0369
0.0372
0.0366
0.0365
0.0377
0.0376
0.0368

0.6844
0.1903
0.1052
0.0822
0.0701
0.0612
0.0541
0.0492
0.0495
0.0479
0.0492
0.044
0.0453
0.0433
0.044
0.0452
0.0403
0.0417
0.0425
0.0418
0.0446
0.0417
0.0412
0.0411
0.0401
0.0392
0.0417
0.039
0.0395
0.0386
0.0381
0.0375
0.0386
0.0383
0.0391
0.0382
0.0384
0.0372
0.038
0.0387
0.0378
0.0388
0.0373
0.0384
0.0382
0.0376
0.0389
0.0379
0.0376
0.0379
0.0377
0.0377
0.038
0.0385
0.0387
0.0383
0.0387
0.0384
0.0399
0.0383

0.6166
0.2156
0.1304
0.0971
0.0849
0.0749
0.0664
0.0596
0.0584
0.0558
0.0525
0.0489
0.0479
0.0459
0.0464
0.0443
0.044
0.0447
0.0425
0.0416
0.0424
0.0416
0.0421
0.046
0.0431
0.041
0.0415
0.0388
0.0452
0.0381
0.0374
0.0376
0.0396
0.037
0.0377
0.0373
0.0394
0.0376
0.038
0.0367
0.0385
0.0371
0.0382
0.0374
0.0372
0.0378
0.0361
0.0368
0.0367
0.0371
0.0369
0.0368
0.0364
0.037
0.0359
0.0363
0.0361
0.0357
0.037
0.0362

0.5577
0.1866
0.1142
0.0878
0.0742
0.0662
0.0579
0.0543
0.0515
0.0474
0.0457
0.0453
0.0432
0.0433
0.0437
0.0415
0.0429
0.0403
0.0402
0.0399
0.0382
0.0392
0.039
0.0401
0.0477
0.0388
0.0379
0.0382
0.0392
0.0366
0.0367
0.0368
0.0364
0.0367
0.0384
0.0373
0.0379
0.0379
0.0373
0.0369
0.0368
0.0369
0.0377
0.037
0.0382
0.0378
0.037
0.0376
0.0371
0.0371
0.0376
0.0374
0.0377
0.0371
0.0367
0.0368
0.0361
0.0364
0.0376
0.0359

0.5923
0.2106
0.1182
0.096
0.0803
0.0699
0.0633
0.0589
0.0543
0.0539
0.0483
0.0461
0.0453
0.0451
0.055
0.043
0.0429
0.0407
0.0425
0.0394
0.0394
0.0421
0.0388
0.0381
0.0395
0.0384
0.0409
0.0382
0.0398
0.0377
0.0355
0.0378
0.0381
0.0366
0.0365
0.0386
0.0376
0.0365
0.0363
0.0383
0.0384
0.0376
0.0369
0.038
0.0377
0.0372
0.0378
0.0364
0.0366
0.0371
0.0379
0.0372
0.0375
0.0371
0.0379
0.0372
0.0365
0.0376
0.0377
0.0372

0.5181
0.1621
0.1055
0.0894
0.0763
0.0719
0.0623
0.0578
0.0545
0.0539
0.0483
0.0474
0.045
0.0474
0.047
0.045
0.0427
0.0425
0.0406
0.0425
0.0417
0.0418
0.0419
0.0414
0.0417
0.0413
0.0395
0.0408
0.0394
0.0394
0.038
0.0379
0.0372
0.0374
0.0383
0.0371
0.0383
0.0378
0.038
0.0378
0.0377
0.0371
0.0378
0.038
0.0378
0.0382
0.0385
0.0382
0.0375
0.0374
0.0382
0.0373
0.038
0.0373
0.0377
0.0382
0.0379
0.037
0.0374
0.0369

0.5331
0.1744
0.1123
0.0876
0.0693
0.0627
0.0554
0.051
0.0498
0.0446
0.0426
0.0426
0.0426
0.0418
0.039
0.0381
0.0387
0.038
0.0359
0.0357
0.0347
0.0366
0.0368
0.035
0.0358
0.0345
0.0343
0.0339
0.0331
0.0323
0.032
0.0325
0.0323
0.033
0.0329
0.0322
0.0321
0.0321
0.0328
0.0331
0.0333
0.0322
0.0322
0.0326
0.0333
0.0332
0.0322
0.0321
0.0338
0.0335
0.0333
0.0317
0.0335
0.0333
0.0329
0.0337
0.0326
0.0327
0.0335
0.0322

0.4772
0.1617
0.1071
0.0869
0.0734
0.0649
0.0597
0.0548
0.0545
0.0518
0.0489
0.0481
0.0464
0.0432
0.0484
0.0444
0.0428
0.044
0.047
0.0417
0.0418
0.0414
0.0423
0.0406
0.0386
0.0389
0.041
0.0429
0.04
0.0396
0.0391
0.0392
0.0393
0.0401
0.0394
0.0397
0.0387
0.0392
0.0396
0.0397
0.0404
0.0402
0.0396
0.0399
0.0396
0.0397
0.0407
0.0402
0.0398
0.0419
0.0394
0.0403
0.04
0.0391
0.0397
0.0403
0.0405
0.0401
0.0421
0.0398

0.5188
0.1887
0.107
0.0875
0.0731
0.0674
0.0614
0.054
0.0532
0.049
0.0536
0.0457
0.043
0.0433
0.0468
0.0412
0.0396
0.0385
0.0461
0.04
0.0425
0.0415
0.0386
0.0395
0.0383
0.0433
0.039
0.0393
0.04
0.0378
0.0374
0.0372
0.0369
0.0382
0.0382
0.036
0.0374
0.0368
0.0378
0.0372
0.0376
0.0384
0.0372
0.0369
0.0395
0.0373
0.0377
0.0392
0.0377
0.0381
0.0377
0.0389
0.0384
0.0379
0.0386
0.0387
0.0384
0.038
0.0378
0.0384

