0.0823
0.0702
0.0625
0.0561
0.0548
0.0518
0.052
0.0501
0.0506
0.0479
0.0466
0.0474
0.0462
0.047
0.0462
0.0464
0.0451
0.0445
0.0441
0.0438
0.043
0.0446
0.0414
0.0413
0.0431
0.0439
0.0438
0.0439
0.0426
0.0424
0.0421
0.0419
0.0419
0.0419
0.0418
0.0432
0.042
0.0425
0.042
0.0416
0.0417
0.0417
0.0426
0.042
0.0427
0.0424
0.0422
0.0425
0.0421
0.0414
0.0424
0.0411
0.0427
0.0414
0.0414
0.0414
0.0421
0.0414
0.043
0.0416

0.0877
0.0722
0.063
0.0592
0.0549
0.0524
0.0503
0.0492
0.0491
0.0474
0.0475
0.0469
0.0485
0.0469
0.0453
0.0461
0.0451
0.0437
0.0438
0.0448
0.0442
0.0431
0.0434
0.0423
0.0432
0.0434
0.0428
0.0433
0.0428
0.0403
0.0408
0.0408
0.0405
0.0416
0.0406
0.0417
0.0405
0.0407
0.0404
0.0406
0.0399
0.0419
0.0405
0.0403
0.0407
0.0403
0.0404
0.0407
0.0409
0.04
0.04
0.0396
0.0406
0.0402
0.0393
0.0403
0.0399
0.0395
0.04
0.0396

0.0837
0.073
0.0644
0.0617
0.0584
0.0564
0.0548
0.051
0.0525
0.0505
0.0497
0.0488
0.0513
0.0478
0.0478
0.0466
0.0459
0.0459
0.0443
0.0448
0.045
0.0448
0.0446
0.044
0.044
0.0435
0.0439
0.045
0.0439
0.0419
0.0417
0.042
0.0421
0.0426
0.0412
0.0423
0.0424
0.042
0.0422
0.0423
0.0422
0.0414
0.0418
0.0416
0.0421
0.041
0.0417
0.0416
0.0415
0.0415
0.0421
0.0416
0.0413
0.0415
0.0404
0.042
0.0413
0.042
0.0414
0.0412

0.0824
0.0688
0.0608
0.0576
0.0555
0.0531
0.0514
0.0496
0.0491
0.048
0.0487
0.0467
0.047
0.0461
0.0447
0.0455
0.0454
0.0435
0.0444
0.0442
0.0436
0.0433
0.0438
0.0438
0.0434
0.0426
0.0434
0.0434
0.0423
0.0425
0.0424
0.0427
0.0423
0.0424
0.0424
0.0416
0.0414
0.0417
0.0419
0.0412
0.0416
0.0412
0.042
0.0414
0.0419
0.0415
0.0412
0.0413
0.0418
0.0415
0.041
0.0419
0.0412
0.0411
0.0414
0.0412
0.0421
0.0416
0.0411
0.041

0.0828
0.0663
0.059
0.0537
0.0531
0.0505
0.0475
0.0459
0.0444
0.0443
0.0437
0.0438
0.0436
0.0413
0.0421
0.0418
0.0432
0.0414
0.0405
0.041
0.04
0.042
0.0417
0.04
0.0406
0.0417
0.0394
0.0415
0.0403
0.0398
0.0391
0.0395
0.0391
0.0402
0.0399
0.0389
0.0388
0.0402
0.04
0.0389
0.0402
0.0393
0.0391
0.0393
0.039
0.039
0.0394
0.0386
0.0388
0.0393
0.0395
0.0393
0.0394
0.0388
0.0389
0.0394
0.0388
0.0385
0.039
0.0383

0.0799
0.0658
0.059
0.0566
0.0538
0.0511
0.0497
0.0499
0.0487
0.0472
0.048
0.0458
0.0452
0.0451
0.0439
0.0437
0.0435
0.0442
0.0431
0.0438
0.0425
0.0438
0.043
0.0434
0.0434
0.0434
0.042
0.043
0.0426
0.0413
0.0415
0.0423
0.0418
0.0412
0.0415
0.0411
0.0413
0.0418
0.0412
0.04
0.0403
0.0405
0.0409
0.0407
0.0405
0.0413
0.0405
0.0405
0.04
0.041
0.0401
0.0408
0.0403
0.0404
0.04
0.0399
0.0401
0.0406
0.0404
0.04

0.0859
0.0719
0.0631
0.0595
0.0562
0.0539
0.0532
0.0519
0.0501
0.0502
0.0482
0.0485
0.0464
0.0474
0.0457
0.0458
0.0477
0.0454
0.0442
0.0436
0.0435
0.0441
0.0438
0.0434
0.0436
0.0413
0.0418
0.0418
0.0408
0.0405
0.0403
0.0411
0.0418
0.0412
0.0404
0.0408
0.0412
0.0411
0.0409
0.0412
0.0409
0.0413
0.0414
0.0412
0.0407
0.04
0.0408
0.0401
0.0409
0.0407
0.0406
0.0398
0.0412
0.0412
0.0411
0.0411
0.0422
0.0415
0.0402
0.0401

0.0817
0.0677
0.0594
0.0553
0.0521
0.0506
0.051
0.0497
0.0462
0.0464
0.0463
0.0451
0.0442
0.044
0.0446
0.0425
0.0427
0.0416
0.0429
0.0435
0.0416
0.044
0.043
0.042
0.0412
0.0416
0.0412
0.0402
0.0394
0.0409
0.0403
0.0407
0.0406
0.0405
0.0402
0.0406
0.0403
0.0394
0.0404
0.0408
0.0405
0.0399
0.0405
0.0398
0.0404
0.0407
0.0403
0.0397
0.0396
0.0399
0.0397
0.04
0.0401
0.0397
0.0399
0.0406
0.04
0.0392
0.0402
0.0404

0.08
0.0658
0.0597
0.0545
0.0539
0.0531
0.0509
0.0483
0.0481
0.0482
0.0475
0.0469
0.0476
0.0455
0.0474
0.0465
0.045
0.0444
0.0439
0.0436
0.0421
0.0436
0.042
0.0422
0.0418
0.0419
0.0412
0.0419
0.0429
0.0394
0.0407
0.0395
0.0401
0.04
0.0391
0.0399
0.0399
0.0402
0.0396
0.0401
0.0391
0.0391
0.0394
0.039
0.04
0.0399
0.0391
0.0401
0.0397
0.0395
0.0395
0.0392
0.0406
0.0388
0.0392
0.039
0.0397
0.0394
0.0397
0.0385

0.081
0.0716
0.0628
0.0588
0.0565
0.0535
0.0514
0.0518
0.0498
0.0499
0.0483
0.0476
0.0488
0.0471
0.0472
0.0452
0.0463
0.0466
0.0442
0.0446
0.0458
0.0452
0.0433
0.0444
0.0444
0.0451
0.0439
0.0428
0.043
0.0432
0.0424
0.0434
0.0428
0.0432
0.0424
0.0422
0.0426
0.0432
0.0421
0.042
0.0416
0.0427
0.0419
0.0427
0.0421
0.0426
0.042
0.042
0.0421
0.0422
0.0424
0.042
0.0418
0.0415
0.0412
0.042
0.042
0.0418
0.0419
0.0418

0.0849
0.0691
0.0625
0.0592
0.0558
0.0527
0.0513
0.05
0.0485
0.047
0.0471
0.048
0.0471
0.0464
0.0445
0.0447
0.0443
0.044
0.0443
0.0426
0.0426
0.0426
0.0428
0.043
0.0432
0.0431
0.043
0.0416
0.043
0.0408
0.0417
0.0415
0.0416
0.0422
0.041
0.0413
0.0413
0.0418
0.042
0.0417
0.0416
0.0411
0.0407
0.0406
0.0414
0.0418
0.0413
0.0407
0.0413
0.0406
0.04
0.0405
0.0411
0.041
0.0411
0.0402
0.0401
0.0412
0.0404
0.0402

0.0818
0.0685
0.0632
0.0601
0.0567
0.0544
0.053
0.0499
0.0519
0.0521
0.0486
0.0495
0.0475
0.0469
0.0457
0.0447
0.0436
0.0462
0.0437
0.0438
0.0442
0.0438
0.043
0.0426
0.0432
0.043
0.0425
0.0452
0.0429
0.0415
0.042
0.0423
0.0414
0.0414
0.0418
0.0424
0.0418
0.0414
0.042
0.0416
0.0413
0.0415
0.0422
0.0417
0.0411
0.043
0.0415
0.0414
0.0413
0.0414
0.0421
0.0414
0.0418
0.0411
0.0422
0.0422
0.0416
0.0428
0.0415
0.0408

0.0865
0.0694
0.0639
0.0579
0.0563
0.0531
0.0516
0.0507
0.0493
0.0488
0.0485
0.0475
0.0477
0.046
0.0462
0.0458
0.0464
0.0444
0.0456
0.0449
0.0451
0.0436
0.0432
0.0422
0.043
0.0426
0.0433
0.0423
0.0431
0.041
0.0413
0.0419
0.0401
0.0419
0.0417
0.0414
0.0416
0.0423
0.0421
0.0411
0.0415
0.0409
0.0409
0.0416
0.0404
0.0406
0.0404
0.0417
0.041
0.0412
0.0413
0.0409
0.0415
0.0403
0.0409
0.0414
0.0411
0.0414
0.0408
0.0407

0.082
0.0712
0.0618
0.0572
0.0549
0.054
0.051
0.051
0.0483
0.0473
0.0485
0.0473
0.0476
0.046
0.0473
0.0454
0.0461
0.045
0.0446
0.0456
0.0452
0.0456
0.0451
0.0443
0.0451
0.0455
0.0443
0.0445
0.0442
0.044
0.0434
0.0432
0.0442
0.0438
0.0438
0.0439
0.0432
0.0433
0.0435
0.0432
0.043
0.0433
0.0441
0.0436
0.0429
0.044
0.0433
0.0428
0.0434
0.0435
0.0442
0.0441
0.044
0.0428
0.0432
0.0436
0.0428
0.043
0.043
0.0432

0.0789
0.0641
0.0567
0.0547
0.0505
0.0486
0.0485
0.0483
0.0461
0.0462
0.0446
0.0441
0.0435
0.0436
0.0428
0.0423
0.0429
0.0419
0.0421
0.0428
0.0412
0.0406
0.0411
0.0414
0.0413
0.0412
0.0413
0.0405
0.041
0.0407
0.0401
0.0403
0.0402
0.0404
0.0402
0.0405
0.039
0.0404
0.04
0.0405
0.0401
0.0392
0.04
0.0398
0.0397
0.0396
0.0394
0.0395
0.0399
0.0401
0.0399
0.0404
0.0397
0.0397
0.0401
0.0397
0.0403
0.0394
0.0401
0.0399

