0.1142
0.1082
0.099
0.098
0.1013
0.0911
0.0995
0.0957
0.0916
0.092
0.0942
0.0886
0.0964
0.0919
0.0988
0.0904
0.1643
0.0904
0.0917
0.0908
0.0923
0.0946
0.1021
0.0926
0.0871
0.0884
0.0921
0.0928
0.0904
0.0858
0.0912
0.0938
0.0878
0.0846
0.0918
0.0868
0.0971
0.089
0.0847
0.101
0.0835
0.0979
0.0869
0.0925
0.0883
0.0909
0.0901
0.0781
0.074
0.0755
0.0725
0.0745
0.0765
0.0753
0.075
0.0758
0.0757
0.0742
0.0785
0.0754

0.1018
0.0901
0.0951
0.1052
0.0954
0.0894
0.1085
0.0878
0.0916
0.0946
0.0853
0.087
0.0903
0.0839
0.0907
0.0925
0.0969
0.089
0.0887
0.1628
0.0931
0.0848
0.0878
0.0899
0.0936
0.0852
0.0871
0.0922
0.0866
0.0819
0.085
0.0857
0.0885
0.0834
0.0879
0.1137
0.0821
0.0904
0.0834
0.0954
0.0856
0.0957
0.0884
0.0828
0.085
0.0955
0.089
0.0753
0.0738
0.073
0.0758
0.0756
0.0743
0.0744
0.0743
0.0729
0.0757
0.0741
0.0736
0.0729

0.1118
0.0884
0.0915
0.0921
0.0982
0.0956
0.1053
0.089
0.0898
0.0924
0.093
0.0992
0.0824
0.0888
0.0814
0.0854
0.0853
0.0929
0.1555
0.0876
0.0841
0.0993
0.0888
0.0943
0.0874
0.0939
0.1141
0.0838
0.0909
0.0927
0.089
0.0958
0.0842
0.0819
0.0851
0.0798
0.1011
0.0907
0.1034
0.0857
0.0786
0.0942
0.0857
0.0849
0.0844
0.0912
0.0947
0.0814
0.0728
0.0712
0.0708
0.0698
0.0696
0.0684
0.0713
0.071
0.0706
0.0724
0.0713
0.0684

0.1287
0.1172
0.1086
0.0938
0.094
0.09
0.0926
0.094
0.0968
0.0974
0.0954
0.1027
0.0987
0.103
0.0941
0.089
0.0894
0.0895
0.0983
0.088
0.084
0.0859
0.0883
0.0902
0.0843
0.0895
0.1018
0.0872
0.0894
0.0839
0.0908
0.0799
0.0902
0.0891
0.0866
0.0859
0.0852
0.098
0.0864
0.0851
0.0831
0.0947
0.0873
0.0984
0.0928
0.0851
0.0995
0.0847
0.0832
0.0735
0.0749
0.0719
0.0734
0.0691
0.0714
0.0716
0.0737
0.0732
0.074
0.0712

0.1132
0.1035
0.1458
0.1026
0.1032
0.1165
0.1043
0.1014
0.1028
0.0995
0.1091
0.1172
0.1009
0.0948
0.1206
0.0981
0.1016
0.0981
0.1014
0.1049
0.0991
0.0989
0.1126
0.0967
0.0993
0.0997
0.103
0.0994
0.0963
0.0956
0.0978
0.1005
0.0981
0.0964
0.0959
0.1073
0.0951
0.0961
0.1013
0.097
0.1041
0.099
0.0967
0.0953
0.1115
0.0995
0.1022
0.0951
0.0996
0.1051
0.0991
0.102
0.1011
0.0951
0.0989
0.0975
0.0979
0.0962
0.0952
0.0978

0.1071
0.1152
0.096
0.0959
0.0948
0.0952
0.0905
0.1053
0.0945
0.096
0.0993
0.1073
0.1011
0.0913
0.0919
0.1573
0.0954
0.1634
0.0936
0.0951
0.096
0.0999
0.0946
0.1069
0.096
0.0925
0.0921
0.0968
0.1015
0.0925
0.0918
0.0969
0.0907
0.0934
0.0996
0.0948
0.0945
0.1085
0.0939
0.0926
0.0908
0.0936
0.0974
0.0949
0.0916
0.0922
0.0956
0.0969
0.0952
0.0945
0.1011
0.1023
0.0931
0.0996
0.0962
0.0927
0.0773
0.0795
0.0786
0.0773

0.1109
0.1121
0.0961
0.1001
0.1028
0.0962
0.1073
0.1014
0.1009
0.0987
0.0957
0.0984
0.1018
0.1035
0.1204
0.1041
0.0923
0.0969
0.0943
0.1674
0.0968
0.0986
0.098
0.1075
0.0986
0.1038
0.1056
0.1119
0.1114
0.0988
0.0913
0.0911
0.0913
0.1003
0.0939
0.0956
0.092
0.0948
0.0956
0.1018
0.0957
0.1086
0.1062
0.113
0.1022
0.0987
0.0966
0.0985
0.0936
0.0968
0.0969
0.1016
0.1047
0.1006
0.0929
0.0982
0.0914
0.0921
0.0928
0.0797

0.1107
0.0986
0.1172
0.0948
0.1017
0.1064
0.0943
0.1025
0.1621
0.1026
0.0907
0.0932
0.0932
0.0931
0.0984
0.0935
0.0962
0.1039
0.1086
0.0962
0.0914
0.0966
0.093
0.095
0.0927
0.1
0.0932
0.089
0.1137
0.0877
0.0871
0.0896
0.0941
0.0922
0.0875
0.0836
0.0873
0.0852
0.0841
0.0839
0.0883
0.0878
0.095
0.0835
0.0842
0.0841
0.0906
0.0866
0.0819
0.0907
0.0732
0.0752
0.0745
0.0731
0.0761
0.075
0.0717
0.074
0.0731
0.0736

0.1118
0.1046
0.1189
0.0935
0.0964
0.0932
0.0934
0.097
0.1152
0.0941
0.0984
0.093
0.0896
0.1123
0.0952
0.0937
0.0912
0.105
0.0909
0.1056
0.092
0.0958
0.1076
0.0966
0.094
0.1024
0.0962
0.1014
0.1087
0.0876
0.0911
0.0896
0.0926
0.1033
0.0907
0.0886
0.0945
0.0915
0.0927
0.0934
0.1029
0.1015
0.0938
0.098
0.0877
0.0922
0.0956
0.0937
0.0925
0.0876
0.0942
0.0897
0.0948
0.0784
0.0781
0.0781
0.0776
0.0768
0.0781
0.0766

0.1169
0.1233
0.0988
0.0977
0.0977
0.1003
0.1035
0.1002
0.1134
0.1177
0.1746
0.1032
0.0987
0.1642
0.1014
0.094
0.0972
0.0986
0.1076
0.0955
0.107
0.0949
0.1081
0.0939
0.1106
0.0981
0.0988
0.1127
0.0977
0.0943
0.0952
0.0968
0.0966
0.1016
0.0985
0.0941
0.0971
0.0939
0.094
0.0983
0.1035
0.0971
0.0933
0.1099
0.0952
0.0982
0.0959
0.0987
0.0999
0.0938
0.0969
0.0958
0.1013
0.096
0.1073
0.0939
0.0821
0.0786
0.0803
0.0798

0.1087
0.1028
0.1037
0.0976
0.0929
0.102
0.0895
0.0931
0.1092
0.1034
0.0934
0.0911
0.115
0.0936
0.0931
0.0955
0.0947
0.1052
0.0947
0.0931
0.0935
0.1034
0.1049
0.0928
0.0923
0.104
0.0964
0.1133
0.0879
0.096
0.0965
0.0893
0.1
0.0911
0.0946
0.0934
0.0994
0.0987
0.0947
0.0931
0.0936
0.0947
0.0946
0.0877
0.0995
0.0952
0.0888
0.0966
0.0896
0.0946
0.1033
0.0897
0.0886
0.0983
0.0938
0.0795
0.0743
0.077
0.0764
0.0743

0.1051
0.1076
0.0997
0.1058
0.104
0.1628
0.0984
0.1033
0.1019
0.0944
0.1037
0.1111
0.0939
0.0977
0.0959
0.1015
0.0968
0.093
0.0975
0.0951
0.1378
0.1111
0.0949
0.0992
0.1105
0.0961
0.096
0.1616
0.1004
0.0929
0.0984
0.0945
0.0947
0.0949
0.1007
0.0933
0.0938
0.095
0.0926
0.1009
0.0943
0.0924
0.0983
0.0966
0.092
0.091
0.095
0.0981
0.0966
0.0904
0.0918
0.0944
0.0919
0.0943
0.0946
0.0794
0.0808
0.0778
0.0789
0.0777

0.1108
0.1041
0.1053
0.0978
0.1066
0.1268
0.1034
0.1089
0.0945
0.0972
0.1218
0.108
0.0985
0.1141
0.1057
0.1014
0.1015
0.0945
0.1165
0.0965
0.0984
0.1022
0.1648
0.0963
0.0955
0.0932
0.0899
0.0888
0.0909
0.0886
0.0902
0.0873
0.0925
0.0853
0.0867
0.0915
0.0842
0.0896
0.0935
0.0948
0.09
0.092
0.0915
0.087
0.0936
0.0881
0.0966
0.084
0.0884
0.0967
0.077
0.0738
0.0769
0.0754
0.0758
0.077
0.0736
0.0769
0.0758
0.0737

0.118
0.1111
0.1239
0.0993
0.1598
0.0997
0.0941
0.0935
0.1037
0.1006
0.1
0.1043
0.1047
0.0948
0.0906
0.0915
0.0998
0.0889
0.0917
0.0937
0.1034
0.094
0.0907
0.0947
0.0947
0.0924
0.0996
0.0997
0.1104
0.1059
0.0858
0.0914
0.098
0.0896
0.0974
0.0936
0.1037
0.0908
0.1022
0.09
0.0937
0.0991
0.0914
0.093
0.0986
0.0954
0.0957
0.0909
0.0923
0.0886
0.1047
0.1063
0.0927
0.0913
0.0969
0.1053
0.0795
0.0773
0.077
0.0753

0.1206
0.1128
0.1004
0.0966
0.0944
0.0889
0.0909
0.1069
0.0925
0.0856
0.0948
0.0903
0.0897
0.0944
0.1579
0.1141
0.0866
0.0937
0.0898
0.0967
0.1621
0.0891
0.093
0.0963
0.0935
0.0945
0.0887
0.0846
0.0835
0.0826
0.0837
0.0933
0.0859
0.0913
0.0852
0.0898
0.0998
0.0834
0.0842
0.0984
0.0867
0.0839
0.0863
0.0971
0.0935
0.0925
0.0834
0.0748
0.0759
0.0725
0.073
0.0744
0.0733
0.0741
0.0745
0.0722
0.0747
0.0769
0.0752
0.0738

