0.1022
0.0717
0.0642
0.0562
0.0523
0.0499
0.0461
0.0442
0.0425
0.0419
0.0428
0.0403
0.0384
0.0376
0.038
0.0384
0.0382
0.0373
0.0373
0.0362
0.0372
0.0364
0.0388
0.0366
0.0352
0.0366
0.0359
0.0392
0.0372
0.0355
0.0359
0.0346
0.0353
0.036
0.0341
0.0358
0.0346
0.0352
0.0345
0.035
0.0358
0.0345
0.0346
0.035
0.0355
0.0354
0.035
0.0346
0.0349
0.0345
0.0341
0.0348
0.0352
0.0342
0.0354
0.035
0.0354
0.0341
0.0334
0.0338

0.1138
0.0847
0.0701
0.0615
0.056
0.0546
0.0525
0.0472
0.0456
0.0415
0.0417
0.0405
0.0414
0.0367
0.0386
0.0375
0.0363
0.0353
0.0367
0.0349
0.0372
0.0363
0.0355
0.0338
0.0341
0.0334
0.0348
0.0346
0.0338
0.0337
0.0334
0.0334
0.0329
0.0326
0.0331
0.0323
0.0322
0.0345
0.033
0.0333
0.0339
0.033
0.0346
0.0327
0.0332
0.0321
0.0325
0.0321
0.0325
0.0333
0.0321
0.0332
0.0337
0.0329
0.033
0.0332
0.0319
0.0329
0.0335
0.0327

0.1012
0.0734
0.0608
0.0567
0.0524
0.0497
0.0484
0.0448
0.0446
0.0447
0.0433
0.04
0.0392
0.0399
0.0369
0.0379
0.0388
0.0373
0.0357
0.0358
0.0366
0.036
0.0348
0.0381
0.0355
0.0337
0.0342
0.0345
0.035
0.033
0.0335
0.0329
0.0335
0.0336
0.0335
0.0341
0.0331
0.0335
0.0333
0.0328
0.0328
0.0325
0.033
0.0338
0.0335
0.0334
0.0334
0.0337
0.0336
0.0339
0.0334
0.0327
0.0327
0.0326
0.0336
0.0329
0.0338
0.0333
0.0328
0.0332

0.105
0.0746
0.0629
0.0604
0.0557
0.0517
0.0489
0.0486
0.0471
0.0456
0.0447
0.0417
0.0446
0.0421
0.0391
0.0399
0.0388
0.0385
0.0387
0.0392
0.0382
0.0371
0.0375
0.0368
0.0359
0.0364
0.0375
0.0369
0.0364
0.0352
0.0352
0.0372
0.0362
0.0356
0.0358
0.035
0.0356
0.0358
0.0362
0.036
0.0348
0.0359
0.0359
0.0354
0.035
0.0359
0.0357
0.0341
0.0356
0.0345
0.0355
0.0349
0.0346
0.0356
0.0353
0.0355
0.036
0.0357
0.0365
0.0349

0.1064
0.0765
0.0657
0.0573
0.0552
0.0505
0.0495
0.0465
0.0458
0.0446
0.0433
0.0418
0.0425
0.0398
0.0398
0.0389
0.0423
0.039
0.0387
0.037
0.0368
0.0367
0.0388
0.037
0.0365
0.0375
0.0372
0.0353
0.0381
0.0365
0.0355
0.0352
0.0354
0.0357
0.0352
0.0356
0.0361
0.0355
0.0358
0.0351
0.0355
0.0346
0.0354
0.0347
0.0356
0.0358
0.0359
0.0361
0.0351
0.0352
0.0355
0.0353
0.035
0.0361
0.0343
0.036
0.036
0.0361
0.036
0.0351

0.1189
0.0798
0.0675
0.061
0.0562
0.0542
0.0516
0.0501
0.0488
0.0483
0.0472
0.0447
0.0449
0.0464
0.0467
0.0439
0.0455
0.0434
0.042
0.0409
0.0417
0.0406
0.041
0.0417
0.0401
0.0399
0.0396
0.0393
0.0394
0.0374
0.0387
0.0378
0.0383
0.0384
0.0384
0.0375
0.0391
0.0382
0.039
0.0381
0.038
0.0368
0.0387
0.0383
0.0381
0.0379
0.0382
0.0383
0.0378
0.038
0.0383
0.0382
0.0373
0.0383
0.038
0.0379
0.0379
0.0382
0.0383
0.0372

0.1183
0.0799
0.067
0.0591
0.058
0.0526
0.052
0.0486
0.0463
0.0442
0.0447
0.0432
0.0424
0.042
0.043
0.0409
0.0415
0.0396
0.038
0.0398
0.0389
0.0389
0.041
0.0374
0.0371
0.0379
0.0378
0.0377
0.0373
0.0367
0.0369
0.0363
0.0356
0.0366
0.036
0.0354
0.037
0.0356
0.0365
0.0359
0.0366
0.0362
0.0363
0.0353
0.0358
0.036
0.0348
0.0358
0.0354
0.0349
0.035
0.035
0.0352
0.036
0.0349
0.0344
0.0351
0.0355
0.0349
0.0348

0.1161
0.0784
0.0651
0.0574
0.0536
0.0506
0.0464
0.0443
0.0435
0.0425
0.0404
0.0379
0.0391
0.0397
0.0375
0.0365
0.0383
0.0381
0.034
0.0359
0.0368
0.0361
0.0339
0.0356
0.0351
0.0338
0.0335
0.0339
0.0344
0.0336
0.0334
0.0325
0.0336
0.0331
0.0333
0.0328
0.0333
0.0332
0.0334
0.0328
0.0331
0.034
0.0332
0.0339
0.034
0.0331
0.0339
0.0339
0.0327
0.0329
0.0332
0.0339
0.0328
0.0335
0.0335
0.035
0.034
0.034
0.0336
0.034

0.1155
0.084
0.0692
0.0721
0.0567
0.055
0.0539
0.0492
0.0511
0.0456
0.0442
0.0446
0.042
0.043
0.0428
0.0407
0.0415
0.0402
0.0421
0.04
0.0385
0.0398
0.0368
0.0382
0.0382
0.0376
0.038
0.0376
0.0358
0.0352
0.0345
0.0353
0.0349
0.0339
0.0345
0.0349
0.0341
0.0349
0.0352
0.0341
0.0347
0.0344
0.0344
0.0339
0.0346
0.0341
0.0334
0.0341
0.0349
0.0342
0.0331
0.0337
0.034
0.0344
0.0336
0.0337
0.0352
0.0355
0.0337
0.0342

0.1179
0.0803
0.0665
0.0608
0.056
0.0522
0.0494
0.0504
0.046
0.0462
0.0441
0.0429
0.0422
0.0434
0.0411
0.0409
0.0382
0.0378
0.0378
0.0394
0.0407
0.0389
0.0376
0.0367
0.0383
0.0366
0.0365
0.038
0.0365
0.0348
0.0342
0.0362
0.0363
0.0351
0.0354
0.0358
0.0352
0.0352
0.0348
0.0347
0.0348
0.0348
0.0339
0.0355
0.0354
0.0361
0.0355
0.035
0.0363
0.0362
0.0355
0.0358
0.036
0.0341
0.0346
0.0348
0.0355
0.0361
0.0358
0.0358

0.1093
0.0771
0.0651
0.0579
0.053
0.0474
0.0476
0.0455
0.0438
0.0427
0.0396
0.0407
0.0393
0.0401
0.0382
0.0372
0.0381
0.0383
0.0376
0.0378
0.0363
0.0366
0.0372
0.0357
0.0364
0.0361
0.0375
0.0347
0.0351
0.0337
0.0335
0.0345
0.0341
0.0336
0.0328
0.0333
0.034
0.0338
0.034
0.0336
0.0336
0.0335
0.0331
0.0337
0.0337
0.0338
0.0333
0.0338
0.033
0.0338
0.0333
0.0334
0.0329
0.0332
0.0337
0.0337
0.033
0.0334
0.033
0.0327

0.1142
0.0797
0.0661
0.0609
0.0541
0.0491
0.0485
0.0455
0.0443
0.0422
0.0426
0.0407
0.0391
0.0384
0.0377
0.0387
0.0373
0.0363
0.0368
0.0355
0.035
0.0336
0.0345
0.035
0.0349
0.0341
0.034
0.0338
0.0346
0.0326
0.0331
0.0328
0.033
0.0322
0.0333
0.0327
0.0331
0.0325
0.0331
0.0331
0.0329
0.033
0.0332
0.0324
0.0321
0.0321
0.0321
0.0328
0.0325
0.0323
0.0332
0.0319
0.0325
0.0324
0.0325
0.0323
0.0328
0.0326
0.0333
0.0314

0.1165
0.0755
0.0642
0.0601
0.0567
0.0568
0.0522
0.0502
0.0526
0.0491
0.0478
0.0458
0.0454
0.0459
0.0449
0.0421
0.0414
0.0388
0.0415
0.0395
0.0399
0.0411
0.0375
0.039
0.0378
0.0381
0.0396
0.0369
0.036
0.0353
0.0354
0.0352
0.0364
0.0357
0.0361
0.0361
0.0359
0.0348
0.0349
0.0349
0.0352
0.035
0.0349
0.0351
0.0365
0.0363
0.0354
0.0347
0.035
0.0351
0.0354
0.0352
0.0358
0.0345
0.0352
0.0356
0.0349
0.0348
0.0353
0.035

0.1146
0.0806
0.066
0.0623
0.0543
0.0509
0.0499
0.0492
0.0468
0.0444
0.0428
0.045
0.0432
0.043
0.0417
0.0401
0.0392
0.039
0.038
0.0388
0.0387
0.0368
0.0391
0.0387
0.037
0.0367
0.0375
0.0384
0.0351
0.0346
0.0359
0.0357
0.0353
0.0349
0.0347
0.0362
0.0347
0.0357
0.0359
0.0358
0.0357
0.0356
0.0355
0.0355
0.0357
0.035
0.0353
0.0357
0.0349
0.0354
0.036
0.0348
0.0356
0.0354
0.0356
0.0348
0.0356
0.0358
0.0357
0.0354

0.1247
0.0783
0.0663
0.0613
0.0562
0.0527
0.0506
0.0482
0.0473
0.0456
0.0474
0.0457
0.0442
0.0427
0.0416
0.0414
0.0415
0.0419
0.0392
0.0409
0.0398
0.0401
0.043
0.0404
0.0376
0.0392
0.0394
0.0407
0.0404
0.0378
0.039
0.0386
0.04
0.0398
0.039
0.0393
0.0398
0.0387
0.0388
0.0381
0.0399
0.0393
0.0393
0.0398
0.0391
0.0402
0.0387
0.039
0.0386
0.0401
0.0391
0.0385
0.039
0.0389
0.0385
0.0378
0.0393
0.0383
0.0387
0.038

