0.1433
0.0733
0.0631
0.0541
0.061
0.047
0.0426
0.0481
0.0425
0.0409
0.0383
0.0431
0.0398
0.0442
0.037
0.04
0.0384
0.0412
0.039
0.0383
0.039
0.0358
0.039
0.0421
0.0349
0.0425
0.0346
0.0358
0.0401
0.0341
0.0342
0.0337
0.0335
0.0344
0.0339
0.0343
0.0348
0.0346
0.0349
0.0348
0.0351
0.0348
0.0348
0.035
0.0355
0.035
0.0354
0.0348
0.0357
0.0359
0.037
0.0351
0.0364
0.0353
0.036
0.0361
0.0367
0.0362
0.0358
0.0363

0.1379
0.0733
0.0616
0.0552
0.0494
0.052
0.0446
0.0434
0.04
0.0431
0.0405
0.04
0.035
0.0399
0.0402
0.0383
0.0372
0.0385
0.0381
0.0402
0.0359
0.0359
0.0368
0.0403
0.0416
0.0404
0.039
0.0379
0.0397
0.0352
0.0359
0.0365
0.036
0.0358
0.0359
0.0362
0.035
0.0369
0.0367
0.0357
0.035
0.0362
0.0357
0.0361
0.0361
0.0357
0.0362
0.037
0.0362
0.0371
0.0376
0.0361
0.0364
0.0363
0.037
0.0365
0.0367
0.0362
0.0363
0.0356

0.1161
0.0697
0.059
0.0603
0.0461
0.0423
0.0467
0.0398
0.039
0.0393
0.0379
0.0372
0.0413
0.0417
0.0389
0.0412
0.0386
0.0388
0.0382
0.0379
0.0359
0.0358
0.0388
0.0383
0.0364
0.0382
0.038
0.0362
0.0375
0.0364
0.0358
0.0362
0.0367
0.0362
0.0374
0.0367
0.0366
0.0369
0.037
0.0369
0.037
0.0371
0.0378
0.0366
0.0375
0.0365
0.0369
0.0372
0.0373
0.0368
0.0379
0.0368
0.0383
0.0376
0.0373
0.0369
0.0383
0.0381
0.0375
0.0375

0.1284
0.0734
0.0553
0.0514
0.0463
0.0412
0.0425
0.0391
0.0397
0.0394
0.0386
0.0381
0.0361
0.0372
0.0345
0.0345
0.0361
0.0396
0.0363
0.0354
0.0339
0.0386
0.0375
0.0404
0.0358
0.037
0.0362
0.0356
0.0376
0.034
0.0339
0.0343
0.0347
0.0357
0.0352
0.0339
0.035
0.0351
0.0343
0.0346
0.0353
0.0351
0.036
0.037
0.0348
0.0349
0.0353
0.0359
0.0352
0.036
0.036
0.0355
0.0353
0.0364
0.0354
0.0356
0.0355
0.0364
0.0358
0.0351

0.1431
0.0722
0.0564
0.0503
0.0466
0.0521
0.0529
0.0429
0.0431
0.04
0.0441
0.0405
0.0403
0.0383
0.0439
0.038
0.0384
0.0423
0.0392
0.0404
0.0383
0.0383
0.039
0.0377
0.0375
0.039
0.0379
0.0375
0.0366
0.0364
0.0359
0.0358
0.036
0.0368
0.0365
0.0366
0.0366
0.0379
0.0375
0.037
0.0371
0.0375
0.0375
0.0367
0.0388
0.0364
0.0369
0.0361
0.038
0.0373
0.0371
0.037
0.0376
0.0366
0.0378
0.037
0.0378
0.037
0.0376
0.0382

0.1172
0.0683
0.0608
0.0508
0.0484
0.0438
0.0431
0.0408
0.0425
0.0384
0.0404
0.0374
0.0378
0.0372
0.0384
0.038
0.036
0.0368
0.0401
0.0373
0.0349
0.0389
0.037
0.0342
0.0365
0.035
0.0375
0.0435
0.0353
0.0332
0.0349
0.0339
0.0332
0.0336
0.0336
0.0336
0.0346
0.0342
0.0331
0.0347
0.034
0.0329
0.034
0.0351
0.0337
0.0338
0.034
0.0346
0.0339
0.0349
0.034
0.033
0.0339
0.0344
0.0334
0.0338
0.0351
0.0339
0.035
0.034

0.1206
0.0766
0.0637
0.0489
0.0451
0.0453
0.0472
0.0435
0.045
0.038
0.0375
0.0442
0.0386
0.0414
0.0409
0.0375
0.0397
0.0417
0.0351
0.0383
0.0406
0.0369
0.0366
0.0358
0.0366
0.0385
0.0353
0.0368
0.0369
0.0336
0.0334
0.034
0.0338
0.0345
0.0341
0.0347
0.0344
0.0341
0.0353
0.0341
0.0342
0.0365
0.035
0.0356
0.0361
0.0354
0.0345
0.0345
0.0356
0.0367
0.0351
0.0368
0.0357
0.0364
0.0357
0.0359
0.0364
0.0361
0.0358
0.0366

0.1793
0.094
0.0634
0.0551
0.0471
0.0497
0.0453
0.0413
0.0435
0.0416
0.0388
0.0428
0.0372
0.0413
0.0441
0.0402
0.0409
0.0406
0.0397
0.0432
0.0412
0.0394
0.0399
0.0368
0.0376
0.0381
0.0406
0.0365
0.0405
0.038
0.037
0.0362
0.0361
0.0364
0.0367
0.0358
0.0377
0.037
0.0369
0.0369
0.0374
0.0366
0.0372
0.0366
0.0377
0.0372
0.037
0.0369
0.0374
0.0373
0.0366
0.0374
0.037
0.0369
0.0373
0.0364
0.0363
0.0366
0.0386
0.0379

0.1303
0.0714
0.0564
0.0488
0.0456
0.0429
0.0438
0.0402
0.0407
0.0422
0.0432
0.0398
0.0385
0.0377
0.04
0.0404
0.0416
0.0393
0.0393
0.0383
0.0405
0.0377
0.0396
0.0397
0.0413
0.0397
0.0408
0.0396
0.0418
0.037
0.0386
0.0371
0.0367
0.0364
0.0396
0.037
0.0362
0.0367
0.036
0.0381
0.0373
0.0379
0.0373
0.0363
0.0367
0.0371
0.0372
0.0387
0.0388
0.0386
0.0389
0.0379
0.0376
0.0388
0.0382
0.0384
0.0388
0.0385
0.0376
0.038

0.1658
0.0979
0.0577
0.0609
0.0482
0.0458
0.0441
0.0417
0.0447
0.042
0.0421
0.0399
0.0369
0.0409
0.0431
0.0409
0.0411
0.0403
0.0426
0.0386
0.0398
0.0441
0.0399
0.0397
0.043
0.0403
0.0389
0.0386
0.0413
0.0362
0.0372
0.0369
0.0369
0.0358
0.037
0.0389
0.0378
0.0357
0.0362
0.0378
0.0373
0.0366
0.0383
0.0396
0.0373
0.0374
0.0386
0.0391
0.0394
0.0385
0.038
0.0384
0.0393
0.0382
0.0376
0.0377
0.038
0.0383
0.0386
0.0385

0.1292
0.0759
0.0585
0.0554
0.0484
0.0469
0.0413
0.0427
0.0421
0.0371
0.0421
0.0405
0.0397
0.0412
0.0376
0.0351
0.0388
0.0404
0.0358
0.0359
0.0378
0.0353
0.0344
0.0367
0.0374
0.0346
0.0368
0.0389
0.0357
0.0352
0.0357
0.0351
0.0358
0.0348
0.0354
0.0341
0.0346
0.0349
0.0358
0.0361
0.0352
0.0357
0.035
0.0354
0.0346
0.0352
0.0355
0.0357
0.035
0.0353
0.0352
0.0359
0.0359
0.0364
0.0365
0.0359
0.0355
0.0358
0.0362
0.0365

0.1614
0.0794
0.0609
0.0538
0.0502
0.0453
0.0447
0.0416
0.0418
0.0396
0.0373
0.0408
0.0387
0.0371
0.0388
0.0372
0.0374
0.0357
0.0374
0.0357
0.0398
0.0355
0.0402
0.0362
0.0372
0.0374
0.0381
0.0354
0.0345
0.0345
0.0334
0.0331
0.0331
0.0324
0.0341
0.0341
0.0335
0.0343
0.0338
0.0358
0.0331
0.0349
0.0339
0.0337
0.0341
0.0351
0.0355
0.0338
0.0354
0.0347
0.035
0.0342
0.0361
0.0349
0.0341
0.0353
0.035
0.035
0.0356
0.035

0.1514
0.0794
0.0588
0.0604
0.0458
0.0454
0.047
0.0403
0.0435
0.0389
0.0392
0.0405
0.04
0.0373
0.0403
0.0406
0.0385
0.037
0.0399
0.0383
0.0381
0.0374
0.0371
0.0372
0.039
0.0372
0.0384
0.0373
0.035
0.0357
0.0349
0.0352
0.0353
0.0346
0.035
0.0359
0.0339
0.0348
0.0356
0.0363
0.0349
0.0361
0.0358
0.0365
0.0356
0.0354
0.0365
0.0362
0.0364
0.0361
0.0377
0.0362
0.0361
0.0367
0.0365
0.0368
0.037
0.0374
0.0369
0.0355

0.1326
0.0771
0.0661
0.0524
0.0449
0.0429
0.0427
0.0385
0.0423
0.0424
0.0467
0.0369
0.0383
0.0375
0.0356
0.0397
0.04
0.0362
0.0402
0.0382
0.0373
0.0366
0.0369
0.0353
0.0347
0.0362
0.0367
0.0389
0.0406
0.0356
0.034
0.0358
0.0349
0.0355
0.0353
0.036
0.0357
0.0359
0.0353
0.0362
0.0364
0.0364
0.0364
0.0359
0.0354
0.0362
0.0365
0.0373
0.036
0.0363
0.0378
0.0351
0.036
0.0367
0.0361
0.0361
0.0364
0.0366
0.0355
0.0359

0.1307
0.0714
0.0607
0.0525
0.0505
0.0465
0.0422
0.0435
0.0427
0.041
0.0387
0.0354
0.0409
0.0398
0.0382
0.0377
0.0401
0.0392
0.0394
0.0368
0.0395
0.0397
0.0379
0.038
0.0373
0.0394
0.0415
0.0362
0.0376
0.0351
0.0356
0.0363
0.0351
0.0358
0.0374
0.0352
0.0365
0.035
0.0367
0.0364
0.0356
0.0356
0.0355
0.0369
0.0358
0.0358
0.0362
0.0364
0.0365
0.0358
0.038
0.0367
0.0358
0.0359
0.0361
0.0369
0.036
0.0369
0.0362
0.0358

