0.4692
0.1521
0.0741
0.0632
0.0598
0.0634
0.052
0.0555
0.0627
0.0503
0.0631
0.0451
0.056
0.0483
0.048
0.0502
0.0507
0.0584
0.0485
0.0447
0.0473
0.0455
0.0509
0.045
0.0436
0.043
0.0427
0.0436
0.0436
0.0399
0.0405
0.0409
0.0401
0.0406
0.0401
0.0401
0.0413
0.0402
0.0405
0.0414
0.0413
0.0406
0.041
0.0399
0.0409
0.0415
0.0412
0.0413
0.0419
0.0426
0.043
0.0416
0.0411
0.0413
0.0414
0.0414
0.0435
0.042
0.0411
0.0413

0.3614
0.102
0.0812
0.0712
0.0741
0.0581
0.0544
0.0507
0.0494
0.0531
0.0503
0.0481
0.0549
0.049
0.0452
0.0505
0.05
0.0485
0.0495
0.048
0.048
0.0461
0.0452
0.0474
0.0472
0.0469
0.0512
0.0462
0.0464
0.0428
0.0425
0.0422
0.0426
0.0415
0.0426
0.04
0.0414
0.0415
0.0415
0.0412
0.0405
0.042
0.04
0.0415
0.0431
0.0412
0.0406
0.0406
0.0421
0.0408
0.0423
0.0413
0.0407
0.0411
0.0423
0.0416
0.0402
0.0432
0.0416
0.0413

0.3525
0.0896
0.0711
0.078
0.0643
0.0841
0.0508
0.0523
0.0537
0.0613
0.0657
0.0493
0.0496
0.0529
0.0531
0.0615
0.0494
0.0465
0.0487
0.0461
0.0465
0.0485
0.045
0.0471
0.0447
0.0464
0.0526
0.049
0.0451
0.0399
0.0404
0.0397
0.0416
0.0392
0.0401
0.0401
0.0424
0.0421
0.0392
0.0411
0.0409
0.0412
0.0391
0.0412
0.0402
0.0403
0.0429
0.0416
0.0431
0.0408
0.0415
0.0405
0.0414
0.0419
0.0407
0.0412
0.0414
0.0423
0.04
0.0406

0.2061
0.0858
0.0746
0.0653
0.0795
0.0563
0.0544
0.0528
0.0473
0.065
0.0549
0.0482
0.0499
0.0443
0.045
0.0469
0.0421
0.0445
0.0428
0.0434
0.0467
0.0488
0.0413
0.0475
0.0422
0.0421
0.0398
0.0473
0.0418
0.0396
0.0387
0.0409
0.0395
0.0388
0.0411
0.043
0.0422
0.0433
0.0395
0.0388
0.0386
0.0385
0.0394
0.0395
0.0397
0.0391
0.0397
0.0395
0.0426
0.0396
0.0399
0.0398
0.0395
0.0394
0.0395
0.0398
0.0386
0.0391
0.0391
0.0384

0.3127
0.0781
0.073
0.0777
0.0668
0.0573
0.0534
0.056
0.05
0.0638
0.0547
0.0446
0.049
0.0489
0.0472
0.057
0.0479
0.0463
0.0447
0.0443
0.0504
0.0509
0.0487
0.0497
0.0432
0.0453
0.0467
0.0473
0.0424
0.0411
0.0401
0.0402
0.04
0.0389
0.0399
0.04
0.0394
0.0403
0.0396
0.0401
0.0402
0.0402
0.0413
0.0401
0.0409
0.0403
0.0402
0.0404
0.0414
0.04
0.0409
0.0397
0.0399
0.0405
0.0411
0.0403
0.0393
0.0396
0.041
0.0398

0.2674
0.0945
0.0887
0.0727
0.0584
0.0564
0.0549
0.0549
0.0526
0.052
0.0547
0.0495
0.0473
0.0509
0.0471
0.0505
0.0438
0.044
0.0437
0.0446
0.0442
0.0441
0.0439
0.0431
0.0524
0.0528
0.0465
0.0421
0.0458
0.0377
0.0383
0.0394
0.0402
0.0379
0.0374
0.0387
0.0391
0.0378
0.038
0.0384
0.0378
0.0388
0.0395
0.039
0.0394
0.0398
0.0382
0.0396
0.037
0.0366
0.0381
0.0387
0.0397
0.0402
0.0387
0.0381
0.0394
0.0396
0.0404
0.0388

0.528
0.128
0.0751
0.0717
0.0632
0.0585
0.0501
0.051
0.0538
0.0469
0.0525
0.0509
0.0494
0.0443
0.0439
0.0459
0.048
0.0427
0.0508
0.0505
0.0451
0.0453
0.0451
0.0465
0.047
0.0461
0.0444
0.0452
0.047
0.0401
0.0386
0.0383
0.0386
0.0381
0.04
0.0391
0.0399
0.039
0.0389
0.0397
0.0396
0.0401
0.0375
0.0397
0.0404
0.0398
0.0394
0.0397
0.0386
0.0393
0.0414
0.0412
0.0413
0.0403
0.0395
0.0394
0.0391
0.0396
0.0394
0.0384

0.4148
0.0905
0.0779
0.0573
0.0594
0.0515
0.0485
0.0515
0.0555
0.0542
0.0483
0.0508
0.0512
0.0454
0.0496
0.0474
0.0495
0.051
0.045
0.0575
0.0491
0.0435
0.0466
0.0441
0.0482
0.045
0.0455
0.0478
0.0473
0.0405
0.0404
0.04
0.0409
0.04
0.0394
0.0394
0.0391
0.0386
0.0418
0.039
0.0378
0.04
0.04
0.0389
0.0395
0.0396
0.04
0.0405
0.0405
0.0397
0.0398
0.0385
0.0417
0.0411
0.0396
0.0413
0.0402
0.0405
0.0412
0.0395

0.2537
0.1156
0.0635
0.0667
0.1197
0.0707
0.0501
0.0537
0.0526
0.0518
0.0653
0.0592
0.0463
0.0534
0.0492
0.0432
0.053
0.0479
0.0532
0.0503
0.0595
0.0491
0.0484
0.0445
0.047
0.0447
0.0535
0.0483
0.0504
0.0412
0.0432
0.041
0.0418
0.0421
0.0426
0.0424
0.0424
0.0413
0.0429
0.042
0.0428
0.0425
0.0413
0.0445
0.0419
0.0423
0.0438
0.0438
0.0428
0.0409
0.043
0.0435
0.0435
0.0439
0.0438
0.0436
0.0421
0.0438
0.0421
0.0421

0.1987
0.109
0.0726
0.0595
0.0695
0.0667
0.0505
0.0569
0.0565
0.0581
0.0533
0.0511
0.0483
0.0466
0.0599
0.0494
0.0465
0.0448
0.0524
0.0533
0.043
0.0465
0.0444
0.0504
0.0484
0.0425
0.0413
0.0487
0.0426
0.0394
0.0408
0.0405
0.0406
0.0403
0.0417
0.0411
0.0403
0.041
0.0405
0.0404
0.0397
0.0402
0.0398
0.0401
0.0402
0.0413
0.0404
0.0404
0.041
0.0399
0.0403
0.0396
0.0412
0.0403
0.0419
0.0398
0.0396
0.0414
0.0404
0.0399

0.4427
0.0936
0.0695
0.0796
0.0735
0.0609
0.0633
0.0595
0.0549
0.0568
0.0562
0.0521
0.05
0.0566
0.0552
0.054
0.0541
0.0482
0.0475
0.047
0.0484
0.0485
0.0479
0.0487
0.0573
0.0473
0.0461
0.0437
0.0546
0.0436
0.0429
0.0427
0.0424
0.0424
0.0431
0.044
0.0435
0.0419
0.0435
0.0418
0.0421
0.0432
0.043
0.0428
0.0432
0.0425
0.0447
0.0418
0.0451
0.0425
0.043
0.0436
0.0437
0.0432
0.0454
0.043
0.0432
0.0441
0.0434
0.0442

0.2793
0.0929
0.084
0.0617
0.0601
0.0565
0.061
0.0569
0.0536
0.0454
0.0573
0.0703
0.0473
0.0448
0.0435
0.0445
0.0432
0.0402
0.0446
0.0415
0.0422
0.0439
0.0455
0.046
0.042
0.0437
0.0401
0.0465
0.0417
0.0369
0.0368
0.0375
0.0369
0.0377
0.0364
0.0373
0.0374
0.038
0.0366
0.0392
0.0383
0.0386
0.0378
0.0377
0.0387
0.0379
0.0376
0.0381
0.0393
0.039
0.0383
0.0383
0.0377
0.0386
0.0377
0.0391
0.0391
0.0377
0.0382
0.038

0.296
0.0844
0.0746
0.0624
0.0551
0.0491
0.0466
0.0492
0.0442
0.0532
0.042
0.0483
0.051
0.0465
0.0523
0.0452
0.0413
0.0463
0.0475
0.0485
0.0428
0.05
0.042
0.0497
0.0467
0.0431
0.0442
0.0433
0.0441
0.0374
0.0366
0.0367
0.0385
0.0376
0.0382
0.0355
0.0389
0.0362
0.0375
0.0376
0.0378
0.0382
0.0386
0.0383
0.038
0.0379
0.0388
0.0371
0.0372
0.0383
0.0379
0.038
0.0392
0.0374
0.0391
0.0402
0.0384
0.04
0.038
0.0373

0.3696
0.1195
0.0714
0.0621
0.0581
0.0553
0.0505
0.052
0.0587
0.0486
0.048
0.0409
0.0436
0.0477
0.0462
0.0461
0.045
0.0487
0.0408
0.0418
0.0423
0.0423
0.0451
0.0481
0.0423
0.0443
0.0426
0.0429
0.0398
0.0367
0.0382
0.0385
0.0374
0.0377
0.0376
0.0363
0.0359
0.036
0.0362
0.0386
0.0368
0.0369
0.0364
0.037
0.0381
0.0372
0.0377
0.0373
0.0386
0.0373
0.0388
0.0376
0.0381
0.0375
0.0382
0.0389
0.0364
0.0383
0.038
0.0373

0.2234
0.0849
0.0703
0.0793
0.0881
0.064
0.0529
0.049
0.0496
0.0515
0.0483
0.0585
0.0523
0.0463
0.0488
0.0468
0.0527
0.0509
0.0501
0.0433
0.0506
0.0453
0.0515
0.0495
0.0527
0.0505
0.0444
0.0476
0.054
0.041
0.042
0.04
0.0416
0.0396
0.04
0.0395
0.0423
0.0418
0.0418
0.0402
0.0392
0.0424
0.0422
0.0413
0.0391
0.0424
0.0418
0.0416
0.0419
0.0409
0.041
0.0425
0.0428
0.0419
0.0426
0.0426
0.0421
0.0413
0.0431
0.0425

