0.8972
0.5328
0.4083
0.2669
0.1659
0.1006
0.0799
0.0759
0.068
0.0641
0.0644
0.0565
0.0575
0.0546
0.0517
0.0518
0.0498
0.0485
0.0473
0.0484
0.0447
0.0472
0.0477
0.047
0.0428
0.0462
0.0425
0.0456
0.0451
0.0387
0.0415
0.0392
0.0409
0.04
0.0396
0.0401
0.0403
0.0401
0.0405
0.0389
0.0389
0.0394
0.04
0.0396
0.0387
0.0409
0.0404
0.0403
0.0398
0.0416
0.0403
0.0415
0.0408
0.0399
0.0404
0.0416
0.0399
0.0417
0.0402
0.0394

0.9042
0.7071
0.429
0.1746
0.105
0.0896
0.0768
0.0701
0.0647
0.0589
0.0549
0.0535
0.0505
0.048
0.0477
0.0466
0.0443
0.0437
0.0454
0.048
0.0426
0.0421
0.0451
0.0407
0.0421
0.0409
0.0406
0.0383
0.0403
0.0372
0.0383
0.0378
0.0379
0.038
0.0375
0.0375
0.0384
0.0375
0.039
0.0374
0.0377
0.0381
0.0375
0.0377
0.0376
0.0385
0.0388
0.0379
0.0385
0.0373
0.0375
0.0375
0.039
0.0378
0.0385
0.0377
0.0378
0.0388
0.0389
0.0372

0.8968
0.5456
0.3826
0.1276
0.0909
0.0768
0.0685
0.0696
0.0586
0.0518
0.0529
0.0488
0.0531
0.0458
0.047
0.0373
0.041
0.0477
0.0408
0.0389
0.0405
0.0379
0.0408
0.0353
0.037
0.0401
0.0385
0.0359
0.0368
0.0318
0.0314
0.0323
0.0328
0.033
0.0328
0.0329
0.0327
0.0341
0.0339
0.0349
0.0338
0.0338
0.0328
0.0334
0.0333
0.0328
0.0335
0.0323
0.0349
0.0329
0.0342
0.0335
0.0333
0.0329
0.0327
0.0337
0.0334
0.033
0.0342
0.0326

0.8845
0.5343
0.3774
0.2212
0.1436
0.0973
0.0801
0.0689
0.0625
0.0587
0.0566
0.0542
0.054
0.0512
0.0503
0.0476
0.0504
0.0462
0.0462
0.0433
0.0468
0.0469
0.0428
0.0455
0.0447
0.0487
0.0431
0.0415
0.0444
0.0409
0.0394
0.0403
0.0406
0.0404
0.0392
0.0412
0.0396
0.0387
0.0399
0.0408
0.0392
0.0393
0.0394
0.0418
0.0384
0.0403
0.0413
0.0402
0.0396
0.0409
0.0396
0.0394
0.0401
0.0408
0.041
0.0402
0.0413
0.04
0.0421
0.0397

0.581
0.3344
0.1594
0.12
0.1011
0.0829
0.0728
0.065
0.0608
0.0556
0.0544
0.0577
0.0486
0.0483
0.0525
0.0473
0.0449
0.0426
0.0443
0.0402
0.0444
0.041
0.0394
0.0404
0.0411
0.0389
0.0436
0.0421
0.0402
0.0377
0.0369
0.0376
0.0367
0.0384
0.0381
0.038
0.0382
0.0378
0.0384
0.0378
0.0386
0.0388
0.0381
0.0378
0.0391
0.0379
0.0383
0.0379
0.0383
0.0395
0.0388
0.0382
0.0395
0.0405
0.0394
0.0394
0.0393
0.039
0.0389
0.0386

0.8045
0.4999
0.2926
0.1216
0.0984
0.0825
0.0663
0.0618
0.0587
0.0546
0.0515
0.048
0.0519
0.0455
0.0472
0.0434
0.0479
0.0449
0.0406
0.0437
0.0432
0.0428
0.0431
0.0432
0.0411
0.0428
0.0431
0.0429
0.0452
0.0398
0.0384
0.0385
0.0401
0.0391
0.0386
0.0413
0.0382
0.039
0.0381
0.0405
0.038
0.0395
0.0387
0.0393
0.0398
0.0382
0.0389
0.0379
0.0395
0.0406
0.0386
0.0388
0.0392
0.0405
0.0384
0.0397
0.0395
0.0396
0.0396
0.0398

0.6857
0.4275
0.1874
0.1159
0.0974
0.0803
0.0701
0.0678
0.0625
0.0646
0.0685
0.0639
0.0551
0.056
0.0514
0.0557
0.0527
0.0526
0.0497
0.0502
0.0516
0.0445
0.0484
0.0514
0.0437
0.0436
0.0493
0.042
0.0421
0.0401
0.0402
0.0392
0.039
0.0397
0.0408
0.04
0.0393
0.0393
0.0396
0.0384
0.0391
0.0396
0.039
0.0402
0.0393
0.041
0.0399
0.0412
0.0393
0.0385
0.0387
0.0407
0.0398
0.0401
0.0401
0.0391
0.0389
0.0413
0.0389
0.0389

0.7618
0.4599
0.3445
0.1279
0.0934
0.0851
0.0679
0.0715
0.0565
0.0559
0.0532
0.0588
0.0518
0.0476
0.049
0.0458
0.0489
0.0468
0.0431
0.0442
0.0437
0.045
0.0426
0.0448
0.0437
0.0425
0.0405
0.0412
0.0409
0.0373
0.0368
0.0372
0.0376
0.0374
0.037
0.0363
0.0383
0.0382
0.0365
0.0376
0.0379
0.037
0.0374
0.0368
0.0358
0.0371
0.0362
0.0368
0.0379
0.0364
0.0379
0.0364
0.0357
0.036
0.0371
0.0366
0.0374
0.0363
0.0369
0.0361

0.5694
0.4408
0.1505
0.1217
0.0967
0.08
0.0728
0.0653
0.06
0.0557
0.0652
0.0521
0.0519
0.0505
0.0494
0.0467
0.0494
0.0463
0.054
0.0474
0.0463
0.0498
0.0469
0.0435
0.0545
0.0463
0.0452
0.0453
0.0437
0.0411
0.0416
0.0419
0.0415
0.0416
0.0419
0.0408
0.0415
0.0411
0.0421
0.0435
0.0432
0.042
0.042
0.0417
0.0435
0.0428
0.0425
0.0426
0.0412
0.0415
0.0406
0.0413
0.0428
0.0421
0.0408
0.0435
0.0421
0.0427
0.0424
0.0414

0.8972
0.5274
0.235
0.135
0.0892
0.0783
0.0698
0.0675
0.0611
0.0581
0.057
0.0531
0.0499
0.0496
0.0473
0.0494
0.0486
0.0522
0.052
0.0463
0.0501
0.0457
0.0432
0.0447
0.0434
0.0427
0.0432
0.0469
0.0484
0.0418
0.0426
0.0413
0.0424
0.0405
0.0436
0.0404
0.0414
0.0405
0.0408
0.0418
0.0406
0.04
0.0416
0.0422
0.042
0.0409
0.0395
0.0391
0.0413
0.0412
0.0411
0.0417
0.0413
0.0403
0.0402
0.0421
0.0419
0.0405
0.0412
0.0405

0.899
0.6228
0.4318
0.1572
0.0877
0.0826
0.0706
0.0685
0.0621
0.0565
0.0546
0.0553
0.0515
0.0559
0.051
0.0486
0.0488
0.0534
0.0468
0.0489
0.0465
0.0467
0.0463
0.0454
0.0426
0.0495
0.0449
0.0428
0.0443
0.0388
0.0398
0.038
0.0403
0.0389
0.0405
0.0387
0.0388
0.0406
0.038
0.0387
0.0382
0.0385
0.0381
0.0377
0.038
0.0382
0.0375
0.0374
0.0379
0.038
0.0377
0.0382
0.0388
0.0385
0.0403
0.0376
0.0392
0.0424
0.0375
0.0379

0.7425
0.4679
0.2315
0.1152
0.0935
0.0811
0.0684
0.0657
0.0569
0.0554
0.0602
0.0608
0.0489
0.0539
0.0536
0.0501
0.0471
0.0457
0.0547
0.0453
0.0411
0.047
0.0429
0.0433
0.0415
0.0426
0.0417
0.0431
0.0432
0.038
0.0388
0.0377
0.0384
0.0391
0.0396
0.0392
0.0392
0.0388
0.0389
0.0395
0.0393
0.0399
0.0394
0.0408
0.04
0.0396
0.0397
0.04
0.0395
0.0406
0.0408
0.0401
0.0406
0.0395
0.0391
0.0399
0.0399
0.0393
0.0401
0.0389

0.6823
0.4525
0.2194
0.1325
0.1098
0.078
0.0715
0.0647
0.0604
0.0558
0.0542
0.0537
0.0533
0.0511
0.0474
0.0496
0.0587
0.0484
0.0489
0.0471
0.0497
0.0527
0.0448
0.0455
0.0463
0.0455
0.044
0.0468
0.0474
0.044
0.0438
0.0436
0.0432
0.0442
0.0425
0.0427
0.0435
0.0437
0.0436
0.0429
0.0455
0.0426
0.0443
0.043
0.0439
0.0421
0.043
0.0444
0.0423
0.0447
0.0435
0.0431
0.0423
0.0432
0.0429
0.0424
0.043
0.0448
0.0424
0.0411

0.8865
0.578
0.3423
0.1368
0.0925
0.0802
0.071
0.0645
0.0579
0.0555
0.0552
0.0546
0.0517
0.0557
0.0462
0.0448
0.0446
0.0486
0.0485
0.0433
0.0454
0.0415
0.0433
0.0426
0.0431
0.0419
0.0409
0.047
0.0414
0.0382
0.0377
0.0369
0.0377
0.0393
0.0375
0.0394
0.0374
0.0369
0.0376
0.0395
0.0377
0.0381
0.039
0.038
0.0379
0.0392
0.0385
0.0394
0.0396
0.0373
0.0383
0.0396
0.0374
0.0391
0.0408
0.0391
0.0402
0.0378
0.0391
0.0378

0.8865
0.6033
0.2943
0.1233
0.0906
0.0848
0.0747
0.0693
0.0571
0.0564
0.0497
0.0531
0.0488
0.0492
0.0445
0.0445
0.0515
0.0423
0.0443
0.0446
0.0447
0.0425
0.0427
0.0415
0.0417
0.0416
0.0436
0.0439
0.0442
0.038
0.0376
0.0381
0.0381
0.0379
0.0382
0.0372
0.0382
0.0376
0.0384
0.0399
0.037
0.038
0.0365
0.0391
0.0378
0.037
0.0384
0.0371
0.0388
0.0373
0.0377
0.0392
0.0385
0.04
0.0369
0.0375
0.0376
0.0363
0.0379
0.0365

